#rname	startpos	endpos	numreads	covbases	coverage	meandepth	meanbaseq	meanmapq
TRINITY_DN2211_c0_g1_i6	1	5427	74	1296	23.8806	1.83029	37.6	0
TRINITY_DN2211_c0_g1_i7	1	5439	63	1551	28.5163	1.54311	37.3	56.7
TRINITY_DN2211_c0_g1_i1	1	1183	13	217	18.3432	0.986475	37.3	0
TRINITY_DN2240_c0_g1_i4	1	3262	285	1675	51.3489	12.7817	38	101
TRINITY_DN2240_c0_g1_i10	1	3163	313	1976	62.4723	14.6051	38.3	134
TRINITY_DN2246_c1_g1_i4	1	2815	572	2309	82.0249	29.5218	37.8	255
TRINITY_DN2257_c0_g1_i1	1	2722	709	2095	76.9655	38.1848	37.9	255
TRINITY_DN2292_c0_g1_i5	1	2640	38	433	16.4015	2.05644	38	228
TRINITY_DN2292_c0_g1_i2	1	2640	10	316	11.9697	0.438636	37.3	0
TRINITY_DN2223_c0_g1_i1	1	1766	293	604	34.2016	5.953	35.8	60.9
TRINITY_DN33004_c0_g1_i1	1	245	56	245	100	33.5469	38.6	255
TRINITY_DN4635_c0_g1_i5	1	1638	366	1163	71.0012	32.7705	38.1	255
TRINITY_DN4019_c0_g1_i3	1	3436	125	1130	32.8871	4.13359	37.1	247
TRINITY_DN1420_c4_g1_i3	1	1549	67	502	32.408	5.95997	37.2	255
TRINITY_DN1474_c0_g1_i1	1	1451	261	818	56.3749	26.3846	38.4	255
TRINITY_DN1462_c3_g1_i7	1	1505	309	1058	70.299	29.8605	37.3	255
TRINITY_DN1461_c1_g1_i1	1	7202	101	2282	31.6856	1.95793	38.1	30.3
TRINITY_DN1461_c1_g1_i3	1	7372	122	2498	33.885	2.33844	37.4	71.1
TRINITY_DN1428_c0_g1_i2	1	3490	428	1091	31.2607	8.50774	37.6	121
TRINITY_DN1405_c0_g1_i3	1	1922	27	310	16.129	1.90479	38.1	255
TRINITY_DN1409_c0_g1_i2	1	3495	52	764	21.8598	1.88212	36.9	240
TRINITY_DN1440_c0_g1_i3	1	8636	649	3199	37.0426	10.926	38.2	255
TRINITY_DN1481_c0_g1_i3	1	1971	304	1304	66.1593	22.69	38.2	255
TRINITY_DN3393_c0_g1_i2	1	406	5	22	5.41872	0.251232	32.1	255
TRINITY_DN3367_c0_g1_i1	1	2257	118	518	22.9508	3.17014	37.3	75.6
TRINITY_DN3367_c0_g1_i3	1	2260	140	562	24.8673	4.81062	37.1	109
TRINITY_DN3368_c0_g1_i5	1	2291	118	1129	49.2798	7.22174	37.4	179
TRINITY_DN3368_c0_g1_i3	1	2163	91	988	45.6773	5.9607	37.8	151
TRINITY_DN3322_c0_g1_i6	1	3037	845	2000	65.8545	39.2068	38	253
TRINITY_DN1839_c0_g1_i9	1	9946	348	2395	24.08	5.02845	37.7	255
TRINITY_DN1848_c0_g1_i5	1	2482	268	1431	57.6551	15.0882	37.8	216
TRINITY_DN1814_c0_g1_i1	1	2354	78	638	27.1028	4.81988	38.3	128
TRINITY_DN1814_c0_g1_i2	1	1714	120	706	41.1902	10.3116	38	164
TRINITY_DN1806_c2_g1_i10	1	8585	922	4227	49.237	15.5911	38	255
TRINITY_DN1815_c0_g1_i17	1	1837	15	665	36.2003	0.845944	35.2	238
TRINITY_DN1813_c0_g1_i5	1	5935	155	1498	25.2401	3.66133	37.7	255
TRINITY_DN1890_c0_g1_i5	1	5071	96	1185	23.3682	2.50168	37.8	205
TRINITY_DN1890_c0_g1_i3	1	3309	134	1198	36.2043	5.61741	37.8	207
TRINITY_DN1863_c0_g1_i4	1	4137	188	1099	26.5651	6.48803	37.7	255
TRINITY_DN5262_c0_g2_i4	1	943	41	297	31.4952	6.30965	37.9	255
TRINITY_DN5243_c0_g1_i5	1	7576	965	1448	19.113	4.54026	36.4	2.11
TRINITY_DN5243_c0_g1_i6	1	2621	14	513	19.5727	0.630294	36.2	36.4
TRINITY_DN5243_c0_g1_i7	1	7569	960	1555	20.5443	4.73616	36.3	5.58
TRINITY_DN5265_c0_g1_i7	1	5967	483	3397	56.9298	11.7231	38	20.6
TRINITY_DN5265_c0_g1_i11	1	5888	943	3071	52.1569	12.2987	37.9	38.7
TRINITY_DN5225_c0_g1_i5	1	5106	595	2193	42.9495	16.6586	37.8	255
TRINITY_DN6813_c0_g1_i6	1	1112	247	831	74.7302	32.5962	38.2	170
TRINITY_DN6813_c0_g1_i3	1	1412	137	838	59.3484	14.3888	38	130
TRINITY_DN439_c0_g1_i4	1	5549	290	2397	43.197	7.36151	37.6	163
TRINITY_DN439_c0_g1_i2	1	3784	196	2103	55.5761	7.16173	37.3	129
TRINITY_DN468_c0_g1_i3	1	1210	241	884	73.0579	29.4322	38.3	218
TRINITY_DN468_c0_g2_i2	1	3208	149	1317	41.0536	6.4442	38.3	181
TRINITY_DN437_c0_g1_i8	1	907	39	276	30.43	6.0452	37.3	255
TRINITY_DN471_c0_g1_i3	1	3340	444	1942	58.1437	18.75	37.7	255
TRINITY_DN447_c0_g1_i8	1	2231	640	1431	64.1416	40.6293	38.3	246
TRINITY_DN438_c0_g1_i4	1	716	118	613	85.6145	23.7025	37.4	255
TRINITY_DN478_c0_g1_i6	1	1267	188	32	2.52565	3.21231	36	63.8
TRINITY_DN411_c0_g1_i2	1	2629	297	1494	56.8277	14.5112	37	242
TRINITY_DN489_c0_g1_i3	1	962	95	323	33.5759	5.8815	35.8	177
TRINITY_DN405_c0_g1_i3	1	2657	54	676	25.4422	2.45427	37.4	255
TRINITY_DN430_c2_g1_i5	1	3497	341	1831	52.3592	14.0206	37.7	255
TRINITY_DN408_c1_g1_i6	1	3342	1483	2246	67.2053	25.9216	36.9	141
TRINITY_DN408_c1_g1_i1	1	2830	228	1646	58.1625	11.5403	37.9	108
TRINITY_DN445_c0_g1_i4	1	14537	963	4606	31.6847	9.55892	37.8	255
TRINITY_DN476_c1_g1_i2	1	1091	241	751	68.8359	27.4867	38.2	236
TRINITY_DN491_c0_g1_i2	1	2073	189	1085	52.3396	13.0492	37.6	255
TRINITY_DN404_c0_g1_i14	1	2086	512	1575	75.5034	35.2421	38.1	255
TRINITY_DN473_c0_g1_i3	1	2113	119	694	32.8443	7.47894	38.3	251
TRINITY_DN49550_c0_g1_i3	1	1359	276	985	72.4798	29.2811	38.2	255
TRINITY_DN3199_c0_g1_i2	1	2492	212	1039	41.6934	9.437	37.2	200
TRINITY_DN3150_c1_g1_i8	1	4917	530	2223	45.2105	15.3339	37.9	255
TRINITY_DN3148_c0_g1_i5	1	2815	204	1081	38.4014	10.6877	38.4	255
TRINITY_DN3192_c0_g3_i2	1	2655	61	524	19.7363	3.21996	37.3	255
TRINITY_DN3137_c0_g1_i1	1	523	1	60	11.4723	0.114723	31.8	255
TRINITY_DN10156_c0_g1_i1	1	416	26	203	48.7981	8.59856	38.3	255
TRINITY_DN11745_c0_g1_i6	1	4042	1081	3666	90.6977	39.3498	37.9	254
TRINITY_DN1701_c0_g1_i1	1	2229	306	1440	64.603	20.1669	37.9	120
TRINITY_DN1701_c0_g1_i3	1	3241	178	1598	49.3058	7.95002	38.3	7.16
TRINITY_DN1772_c0_g1_i1	1	2895	169	539	18.6183	8.62211	38.2	255
TRINITY_DN1794_c0_g1_i2	1	1317	170	731	55.5049	18.997	38.1	255
TRINITY_DN1783_c0_g1_i10	1	746	142	595	79.7587	27.878	38.4	255
TRINITY_DN1779_c0_g1_i8	1	3308	739	2298	69.468	32.6901	38.1	255
TRINITY_DN1720_c0_g1_i2	1	3327	847	2640	79.3508	37.1716	38	255
TRINITY_DN7336_c0_g1_i4	1	1345	151	669	49.7398	16.6595	37.9	255
TRINITY_DN7396_c0_g1_i5	1	496	76	491	98.9919	21.8589	37.6	255
TRINITY_DN7383_c0_g1_i1	1	1450	711	1450	100	72.62	38.3	255
TRINITY_DN33607_c0_g1_i2	1	1887	861	1797	95.2305	48.9454	36.9	255
TRINITY_DN6952_c0_g1_i3	1	2306	262	1830	79.3582	16.4579	38	255
TRINITY_DN6907_c0_g2_i2	1	1668	125	479	28.717	10.4341	38.2	255
TRINITY_DN6963_c0_g1_i4	1	3496	723	2715	77.6602	30.212	37.8	255
TRINITY_DN1547_c0_g1_i3	1	2158	175	986	45.6905	11.1038	36.7	255
TRINITY_DN1528_c0_g1_i5	1	2667	263	1640	61.4923	11.1834	37.6	0
TRINITY_DN1528_c0_g1_i12	1	2749	324	1803	65.5875	14.1142	37.7	27.5
TRINITY_DN1553_c0_g1_i1	1	4311	790	2394	55.5324	26.7636	38.1	255
TRINITY_DN1520_c1_g1_i9	1	5387	697	2986	55.4297	12.0575	37.4	134
TRINITY_DN1520_c1_g1_i10	1	5372	330	2022	37.6396	4.04375	37.3	16.2
TRINITY_DN1549_c0_g1_i6	1	2668	190	1124	42.1289	10.4524	38.2	255
TRINITY_DN1529_c0_g1_i9	1	983	10	242	24.6185	1.30315	36.7	255
TRINITY_DN1574_c0_g1_i5	1	2046	161	927	45.3079	11.4374	37.8	149
TRINITY_DN1574_c0_g1_i1	1	1435	93	544	37.9094	9.56167	37.7	228
TRINITY_DN4102_c1_g1_i2	1	3821	7443	3817	99.8953	287.095	38.2	255
TRINITY_DN4130_c0_g1_i5	1	2550	11	183	7.17647	0.191765	37.4	0
TRINITY_DN4130_c0_g1_i2	1	3424	34	785	22.9264	1.12967	36.4	172
TRINITY_DN4114_c0_g1_i10	1	7933	2278	7623	96.0923	42.1685	38.2	255
TRINITY_DN4168_c0_g1_i5	1	2152	270	1414	65.7063	18.2779	37.9	255
TRINITY_DN6279_c0_g1_i1	1	3181	1296	2959	93.0211	58.9576	38.1	255
TRINITY_DN6260_c0_g1_i1	1	471	96	430	91.2951	30.38	38	255
TRINITY_DN8757_c0_g1_i2	1	1648	464	780	47.3301	17.0947	35.7	191
TRINITY_DN5508_c0_g1_i3	1	1221	521	914	74.8567	63.1466	38.2	255
TRINITY_DN5519_c0_g1_i4	1	1841	171	1622	88.1043	13.1678	38.1	255
TRINITY_DN2899_c0_g3_i1	1	1425	322	1059	74.3158	21.0772	37.6	173
TRINITY_DN2803_c0_g1_i3	1	3329	453	1759	52.8387	20.0394	38.1	255
TRINITY_DN2825_c1_g1_i1	1	3193	137	822	25.7438	6.15816	37.8	255
TRINITY_DN2889_c1_g1_i1	1	1610	23	585	36.3354	1.86025	36.6	255
TRINITY_DN4864_c0_g1_i3	1	1701	196	641	37.6837	16.5238	38	251
TRINITY_DN4884_c0_g1_i2	1	860	49	745	86.6279	8.28256	37.6	255
TRINITY_DN4803_c0_g1_i1	1	2108	134	666	31.5939	9.41509	38.4	255
TRINITY_DN4807_c0_g1_i1	1	1679	4	107	6.37284	0.0696843	24.9	255
TRINITY_DN4805_c0_g1_i11	1	1081	1	30	2.77521	0.0277521	24.1	255
TRINITY_DN12582_c0_g1_i8	1	1252	160	585	46.7252	18.7843	38.1	255
TRINITY_DN7766_c0_g1_i2	1	2356	33	172	7.30051	0.371392	30.7	124
TRINITY_DN7774_c0_g1_i12	1	4101	357	2232	54.4257	12.5374	37.9	255
TRINITY_DN2071_c0_g1_i6	1	12316	420	5878	47.7265	4.81958	38.1	32.2
TRINITY_DN2071_c0_g1_i7	1	12796	409	6084	47.5461	4.50508	37.7	0
TRINITY_DN2071_c0_g1_i2	1	12775	570	6195	48.4932	6.43781	37.8	63.1
TRINITY_DN2081_c0_g1_i6	1	2992	360	1593	53.242	17.8914	38.2	0
TRINITY_DN2081_c0_g1_i3	1	3087	406	1928	62.4555	19.4419	38.4	44
TRINITY_DN2066_c0_g1_i1	1	2530	788	1828	72.253	45.7099	38.1	255
TRINITY_DN2094_c0_g2_i3	1	973	1	89	9.14697	0.0914697	36.4	255
TRINITY_DN2000_c0_g1_i2	1	1117	151	623	55.7744	19.5837	37.4	255
TRINITY_DN2084_c0_g1_i1	1	2646	645	2197	83.031	35.8492	38.2	255
TRINITY_DN2076_c0_g1_i3	1	1053	109	670	63.6277	14.7493	38.3	255
TRINITY_DN2077_c0_g1_i4	1	2211	78	922	41.7006	5.05699	37.6	255
TRINITY_DN2058_c0_g1_i1	1	4615	233	1104	23.922	7.34778	38	255
TRINITY_DN1057_c0_g1_i8	1	2630	428	1975	75.0951	23.9856	37.9	192
TRINITY_DN1057_c0_g1_i14	1	2471	110	1376	55.686	6.36058	37.5	2.32
TRINITY_DN1061_c1_g2_i4	1	5464	1718	1485	27.1779	13.136	36.4	134
TRINITY_DN1090_c0_g1_i11	1	2558	270	1296	50.6646	7.59343	37.2	205
TRINITY_DN1009_c0_g1_i3	1	2229	727	1609	72.1848	48.1732	38	255
TRINITY_DN1015_c0_g1_i6	1	4665	574	2499	53.5691	17.8977	38	255
TRINITY_DN1065_c1_g1_i5	1	5089	1134	4414	86.7361	32.5518	37.9	255
TRINITY_DN1007_c3_g1_i3	1	504	102	435	86.3095	28.3889	37.4	255
TRINITY_DN1007_c1_g1_i2	1	4344	2947	1668	38.3978	24.4648	35.2	99.6
TRINITY_DN49399_c0_g1_i1	1	1219	14	184	15.0943	0.40525	34.3	219
TRINITY_DN16520_c0_g1_i2	1	3223	275	1844	57.2138	12.5709	37.9	255
TRINITY_DN16501_c0_g1_i2	1	2140	116	431	20.1402	3.40748	34.3	255
TRINITY_DN26381_c0_g2_i6	1	5199	776	2652	51.0098	21.9009	38.1	255
TRINITY_DN2767_c1_g1_i8	1	6672	1083	3308	49.5803	22.601	37.7	251
TRINITY_DN2767_c0_g1_i1	1	3392	672	2659	78.3903	28.5593	37.9	255
TRINITY_DN2761_c0_g1_i1	1	1947	136	887	45.5573	9.54956	37.4	251
TRINITY_DN2725_c0_g1_i1	1	850	194	615	72.3529	33.7671	38.3	255
TRINITY_DN2715_c0_g1_i3	1	2223	535	1424	64.0576	35.1916	38.3	255
TRINITY_DN2774_c0_g1_i14	1	2228	730	1768	79.3537	48.3182	38	255
TRINITY_DN2776_c0_g1_i2	1	1315	201	1244	94.6008	22.3103	38.3	255
TRINITY_DN2726_c0_g1_i15	1	5869	955	3541	60.334	23.9796	37.9	255
TRINITY_DN2721_c0_g1_i2	1	633	82	489	77.2512	19.2749	38.2	255
TRINITY_DN12394_c0_g2_i2	1	543	341	539	99.2634	50.337	36.3	248
TRINITY_DN19808_c0_g1_i2	1	2487	1047	2469	99.2762	62.1922	38.1	255
TRINITY_DN5401_c0_g1_i1	1	3571	271	1291	36.1523	9.88491	37.8	243
TRINITY_DN19130_c0_g1_i2	1	2293	981	1571	68.5129	38.2538	37.1	252
TRINITY_DN2321_c0_g1_i6	1	1156	845	578	50	108.484	38.4	255
TRINITY_DN2316_c0_g1_i6	1	3623	401	2050	56.5829	15.9453	37.7	78.9
TRINITY_DN2316_c0_g1_i8	1	3163	239	1702	53.8097	11.1211	38	0
TRINITY_DN2311_c0_g1_i13	1	7597	693	3983	52.4286	13.0399	37.9	255
TRINITY_DN2315_c0_g1_i1	1	2153	1017	1843	85.6015	69.4909	38.2	255
TRINITY_DN2365_c1_g1_i1	1	1995	228	1135	56.8922	16.4952	37.7	255
TRINITY_DN2353_c0_g1_i2	1	5489	152	1204	21.9348	3.08162	38.1	116
TRINITY_DN2353_c0_g1_i13	1	3385	59	871	25.7312	2.51433	38.2	0
TRINITY_DN5837_c0_g1_i2	1	3143	884	2279	72.5103	41.4069	38.2	255
TRINITY_DN5814_c0_g1_i10	1	4216	870	3223	76.4469	30.1988	38	255
TRINITY_DN5895_c0_g1_i2	1	1848	257	1115	60.3355	20.6261	38.4	255
TRINITY_DN961_c0_g1_i9	1	868	91	475	54.7235	15.0899	37	255
TRINITY_DN994_c0_g1_i1	1	1559	128	992	63.6305	11.9949	38.4	255
TRINITY_DN924_c0_g2_i4	1	2612	237	842	32.2358	12.8779	36.9	255
TRINITY_DN670_c0_g1_i16	1	3233	192	2948	91.1847	8.75317	37.9	57.1
TRINITY_DN670_c0_g1_i17	1	5080	920	4764	93.7795	26.5337	38	196
TRINITY_DN657_c5_g1_i4	1	2219	134	717	32.3119	8.58089	37.4	255
TRINITY_DN661_c1_g1_i5	1	2592	210	1743	67.2454	11.5177	37.7	255
TRINITY_DN644_c0_g1_i25	1	5120	1786	4687	91.543	51.1035	38.3	255
TRINITY_DN609_c0_g1_i3	1	1493	72	901	60.3483	7.08305	38.2	0
TRINITY_DN609_c0_g1_i9	1	1494	85	974	65.1941	8.38822	37.9	66
TRINITY_DN601_c0_g1_i4	1	8870	1059	5187	58.478	17.2897	38	255
TRINITY_DN611_c0_g1_i3	1	4909	1110	4458	90.8128	31.3325	37.9	252
TRINITY_DN610_c0_g1_i6	1	5460	457	3038	55.641	12.08	37.9	3.35
TRINITY_DN610_c0_g1_i14	1	5084	486	3070	60.3855	13.8529	38	22.6
TRINITY_DN669_c0_g1_i6	1	5747	85	1470	25.5786	2.02941	37.2	198
TRINITY_DN669_c0_g1_i7	1	10270	491	4623	45.0146	6.95959	38.1	239
TRINITY_DN669_c0_g1_i2	1	4905	46	961	19.5923	1.33863	38.2	133
TRINITY_DN2681_c0_g1_i2	1	1895	485	1484	78.3113	37.9689	38.5	255
TRINITY_DN2681_c0_g2_i1	1	869	40	427	49.1369	6.26582	38	255
TRINITY_DN2668_c0_g1_i2	1	3678	430	1772	48.1784	17.196	37.8	255
TRINITY_DN2601_c0_g1_i8	1	1990	151	1187	59.6482	10.8859	36.9	255
TRINITY_DN2627_c0_g1_i1	1	734	72	530	72.2071	14.0054	37.2	251
TRINITY_DN2699_c0_g2_i4	1	2409	300	1611	66.8742	17.8547	38.1	255
TRINITY_DN2617_c0_g1_i3	1	2899	69	1500	51.742	3.36633	37.6	255
TRINITY_DN2693_c0_g1_i2	1	2566	81	599	23.3437	1.88971	36.6	170
TRINITY_DN2653_c0_g3_i15	1	6775	3404	6336	93.5203	73.4162	38.1	1.05
TRINITY_DN2653_c0_g3_i20	1	9049	6869	8581	94.8282	111.562	38	129
TRINITY_DN8534_c0_g1_i3	1	2543	181	866	34.0543	10.3704	38.3	255
TRINITY_DN2905_c0_g1_i6	1	3904	482	3167	81.1219	17.9147	38.2	36
TRINITY_DN2905_c0_g1_i8	1	3648	745	3200	87.7193	21.267	37.8	39.7
TRINITY_DN2929_c0_g1_i15	1	2253	468	1519	67.4212	30.4594	37.9	254
TRINITY_DN2912_c0_g1_i1	1	521	30	364	69.8656	8.44146	37.7	255
TRINITY_DN2945_c0_g1_i6	1	944	43	332	35.1695	6.77436	38.3	249
TRINITY_DN2910_c0_g1_i10	1	9486	2095	6013	63.3882	30.2045	38.1	239
TRINITY_DN2915_c0_g1_i2	1	1140	34	541	47.4561	4.09035	38.4	255
TRINITY_DN2934_c0_g1_i4	1	2964	463	1770	59.7166	22.8853	38	255
TRINITY_DN2939_c0_g1_i1	1	645	29	388	60.155	6.71473	38.4	255
TRINITY_DN2917_c0_g1_i6	1	3881	109	1096	28.2401	2.22932	36.5	21.1
TRINITY_DN2917_c0_g1_i2	1	3878	101	957	24.6777	2.05776	36.1	0
TRINITY_DN2926_c0_g1_i8	1	3894	461	2469	63.4052	17.3205	38.1	255
TRINITY_DN867_c0_g1_i12	1	3226	442	1993	61.7793	19.7083	37.8	255
TRINITY_DN807_c0_g1_i1	1	4687	44	364	7.76616	0.643695	36.9	209
TRINITY_DN823_c0_g1_i2	1	491	86	287	58.4521	24.8452	38.9	255
TRINITY_DN881_c0_g1_i4	1	737	15	199	27.0014	2.90231	37.8	255
TRINITY_DN881_c0_g1_i1	1	954	116	453	47.4843	13.4057	37.3	255
TRINITY_DN839_c2_g1_i3	1	3121	257	1510	48.3819	11.745	38.2	254
TRINITY_DN862_c0_g1_i7	1	3914	177	1573	40.1891	6.68089	38.2	23.1
TRINITY_DN862_c0_g1_i1	1	5220	379	2655	50.8621	10.6707	38.2	138
TRINITY_DN6106_c0_g1_i3	1	2520	195	863	34.246	11.2286	37.9	255
TRINITY_DN6169_c0_g1_i1	1	1353	25	528	39.0244	2.51885	38.9	255
TRINITY_DN6144_c0_g1_i5	1	1111	58	827	74.4374	7.64266	37.7	255
TRINITY_DN6100_c0_g1_i1	1	5209	163	1302	24.9952	3.75581	37.8	40.7
TRINITY_DN6100_c0_g1_i2	1	4525	118	1330	29.3923	3.64773	37.9	0
TRINITY_DN23313_c0_g1_i9	1	1589	119	631	39.7105	10.4254	37.7	255
TRINITY_DN8662_c0_g1_i1	1	289	76	287	99.308	38.4983	38	255
TRINITY_DN6008_c0_g1_i3	1	2292	51	791	34.5113	3.08857	36.8	255
TRINITY_DN6041_c0_g2_i3	1	2782	69	613	22.0345	3.52444	37.4	255
TRINITY_DN6664_c0_g1_i8	1	2381	263	1201	50.441	15.7031	37.2	255
TRINITY_DN6618_c0_g1_i2	1	1875	533	1387	73.9733	33.3051	37.6	201
TRINITY_DN6640_c0_g1_i1	1	664	127	628	94.5783	27.8901	38.1	255
TRINITY_DN5043_c0_g1_i7	1	2056	272	1386	67.4125	19.1926	37.3	255
TRINITY_DN5059_c0_g1_i1	1	861	2	45	5.22648	0.0522648	29.3	255
TRINITY_DN11553_c0_g1_i1	1	1290	54	343	26.5891	3.30465	35.2	241
TRINITY_DN35695_c0_g3_i2	1	594	268	355	59.7643	66.5774	38.4	255
TRINITY_DN3746_c0_g1_i4	1	763	19	403	52.8178	3.35911	37.6	26.8
TRINITY_DN3746_c0_g1_i5	1	772	43	412	53.3679	8.18782	37	148
TRINITY_DN3746_c0_g1_i3	1	761	122	664	87.2536	23.728	38.2	238
TRINITY_DN3743_c0_g1_i3	1	929	106	396	42.6265	16.1776	37.7	255
TRINITY_DN3774_c0_g1_i2	1	1493	47	622	41.6611	3.70864	37.7	239
TRINITY_DN3755_c0_g1_i4	1	1511	55	891	58.9676	4.28061	35.8	255
TRINITY_DN3770_c0_g1_i4	1	1960	851	1672	85.3061	63.3056	38.1	247
TRINITY_DN3772_c1_g1_i4	1	1293	1301	725	56.0712	38.2312	36.5	66.4
TRINITY_DN27525_c0_g2_i3	1	1864	705	1815	97.3712	55.4678	38	255
TRINITY_DN10081_c0_g1_i2	1	2099	697	2043	97.3321	48.3916	37.9	255
TRINITY_DN9811_c0_g1_i12	1	3735	1433	3042	81.4458	56.4332	38.3	255
TRINITY_DN184_c0_g1_i4	1	2777	634	2017	72.6323	32.9251	37.7	255
TRINITY_DN106_c1_g1_i1	1	4523	287	1055	23.3252	8.12249	38.3	235
TRINITY_DN106_c0_g1_i5	1	4264	175	1079	25.3049	5.74648	38.2	0
TRINITY_DN106_c0_g1_i2	1	3992	153	1391	34.8447	5.28332	37.6	5
TRINITY_DN140_c1_g1_i8	1	11459	609	3880	33.8598	7.42115	37.8	255
TRINITY_DN140_c0_g1_i5	1	6400	460	3021	47.2031	10.378	37.8	113
TRINITY_DN140_c0_g1_i2	1	6349	248	2675	42.1326	5.44401	37.6	0
TRINITY_DN120_c1_g1_i1	1	1793	28	324	18.0703	2.22588	38.1	255
TRINITY_DN166_c0_g2_i11	1	4020	185	917	22.8109	6.43557	37.8	255
TRINITY_DN176_c0_g1_i1	1	3264	394	2021	61.9179	17.3441	37.6	255
TRINITY_DN145_c0_g1_i2	1	1466	434	1233	84.1064	43.3799	38.1	255
TRINITY_DN111_c0_g1_i7	1	1052	249	705	67.0152	34.5646	38.2	232
TRINITY_DN111_c0_g1_i1	1	1014	32	246	24.2604	4.57594	38.2	0
TRINITY_DN30005_c0_g1_i2	1	1761	667	1582	89.8353	55.6792	38.2	255
TRINITY_DN6728_c0_g1_i1	1	2031	97	857	42.196	6.58001	38.1	250
TRINITY_DN6770_c0_g1_i9	1	1644	287	1401	85.219	19.1101	37.5	255
TRINITY_DN39339_c3_g1_i2	1	1717	2	41	2.38789	0.0238789	32.1	255
TRINITY_DN1336_c0_g1_i6	1	2312	17	264	11.4187	0.429066	35.1	0
TRINITY_DN1336_c0_g1_i2	1	2303	27	352	15.2844	0.775076	36.2	9.44
TRINITY_DN1363_c0_g3_i3	1	2719	386	1908	70.1729	20.6392	37.8	255
TRINITY_DN1304_c0_g1_i13	1	6767	69	928	13.7136	1.45323	38.1	255
TRINITY_DN1348_c0_g1_i10	1	2779	1012	2059	74.0914	43.5448	37.3	249
TRINITY_DN1355_c0_g1_i1	1	2074	271	1219	58.7753	18.9479	38	255
TRINITY_DN1379_c0_g1_i1	1	1547	600	1311	84.7447	57.5029	38.1	255
TRINITY_DN1368_c1_g1_i4	1	4356	265	2073	47.5895	8.6568	37.8	255
TRINITY_DN1333_c0_g1_i2	1	1875	214	997	53.1733	10.6117	37.7	126
TRINITY_DN1317_c0_g1_i2	1	1739	6540	1041	59.862	131.721	35.6	44.1
TRINITY_DN1354_c0_g1_i2	1	2469	756	1862	75.4151	45.1365	38.2	255
TRINITY_DN1396_c0_g1_i2	1	1431	48	414	28.9308	4.78546	38	255
TRINITY_DN1324_c8_g1_i1	1	3065	221	1511	49.2985	9.67243	37.7	252
TRINITY_DN1302_c0_g1_i6	1	2263	907	2116	93.5042	58.9297	38.2	255
TRINITY_DN1362_c0_g1_i1	1	1707	467	1284	75.2197	39.8746	37.7	255
TRINITY_DN12139_c0_g1_i2	1	2807	755	1876	66.8329	37.6149	37.9	255
TRINITY_DN3496_c3_g1_i1	1	3620	573	1901	52.5138	13.661	37.8	34.7
TRINITY_DN3496_c3_g1_i4	1	3614	594	1881	52.0476	16.5479	37.6	43.8
TRINITY_DN3414_c0_g4_i1	1	408	384	405	99.2647	67.0196	36.8	255
TRINITY_DN3484_c0_g1_i6	1	1642	148	918	55.9074	13.1742	38.2	255
TRINITY_DN3421_c0_g1_i4	1	1976	187	1419	71.8117	13.7298	38	117
TRINITY_DN3421_c0_g1_i2	1	2941	137	1624	55.2193	6.63142	37.9	93.1
TRINITY_DN3977_c0_g1_i2	1	1307	129	694	53.0987	14.0321	37.5	255
TRINITY_DN13311_c0_g1_i10	1	6789	129149	6728	99.1015	2811.17	38.2	255
TRINITY_DN9743_c0_g1_i1	1	1886	80	613	32.5027	5.0122	37.4	255
TRINITY_DN17175_c0_g1_i8	1	2348	140	779	33.1772	6.1546	37.6	224
TRINITY_DN12910_c0_g1_i3	1	1548	1	41	2.64858	0.0264858	31.2	255
TRINITY_DN9429_c0_g1_i2	1	2322	555	1300	55.9862	22.8876	37.5	239
TRINITY_DN20545_c0_g1_i7	1	679	73	245	36.0825	15.9838	38.2	255
TRINITY_DN6326_c0_g1_i1	1	2264	186	1330	58.7456	10.144	37.5	247
TRINITY_DN6387_c0_g1_i2	1	1360	23	218	16.0294	2.18676	37.2	255
TRINITY_DN5133_c0_g1_i2	1	1392	162	1069	76.796	16.3412	38.2	255
TRINITY_DN5330_c0_g1_i1	1	3251	122	1375	42.2947	5.45494	38.4	253
TRINITY_DN5318_c0_g1_i2	1	8877	1803	5954	67.0722	29.5425	37.9	255
TRINITY_DN5317_c0_g1_i5	1	3725	204	1675	44.9664	7.72107	37.4	255
TRINITY_DN5333_c0_g1_i5	1	7753	1063	3844	49.5808	19.9204	38	254
TRINITY_DN5394_c0_g1_i5	1	3121	275	1319	42.2621	12.7039	37.7	255
TRINITY_DN700_c2_g1_i2	1	6956	3266	6779	97.4554	69.0647	38	255
TRINITY_DN724_c0_g1_i3	1	1008	427	807	80.0595	62.1964	38	254
TRINITY_DN705_c0_g1_i1	1	2244	219	1458	64.9733	8.93895	37.6	177
TRINITY_DN785_c3_g1_i3	1	3364	814	2320	68.9655	22.8068	37.3	204
TRINITY_DN784_c0_g1_i4	1	3233	448	1777	54.9644	20.343	38.3	255
TRINITY_DN749_c0_g1_i1	1	5650	38	702	12.4248	0.66531	37.3	26.8
TRINITY_DN749_c0_g1_i9	1	4702	27	706	15.0149	0.670778	35.7	0
TRINITY_DN711_c1_g1_i3	1	2255	15	359	15.9202	0.819956	36.2	255
TRINITY_DN706_c0_g1_i11	1	7032	497	2810	39.9602	10.1226	37.9	255
TRINITY_DN739_c0_g1_i4	1	1226	54	464	37.8467	4.83605	35.7	236
TRINITY_DN773_c0_g1_i3	1	2143	397	1347	62.8558	27.293	38.1	255
TRINITY_DN733_c0_g1_i1	1	1696	69	454	26.7689	5.97111	37.8	85
TRINITY_DN733_c0_g1_i3	1	1694	186	634	37.4262	16.258	38.6	206
TRINITY_DN761_c0_g1_i1	1	3178	64	573	18.0302	2.83197	38	255
TRINITY_DN2405_c1_g1_i5	1	3771	1036	2618	69.4246	23.1854	37.6	162
TRINITY_DN2412_c0_g1_i1	1	1369	70	798	58.2907	6.84368	36.8	255
TRINITY_DN2465_c0_g1_i1	1	2068	16	344	16.6344	0.88588	36.1	255
TRINITY_DN14159_c0_g1_i5	1	669	99	496	74.1405	21.997	38.7	255
TRINITY_DN25160_c0_g1_i1	1	560	24	356	63.5714	5.82321	37.2	255
TRINITY_DN63126_c0_g1_i1	1	2057	232	853	41.4682	16.58	38.3	255
TRINITY_DN5678_c0_g1_i4	1	2055	293	1457	70.9002	20.5956	38.1	255
TRINITY_DN16411_c0_g1_i4	1	306	1	44	14.3791	0.143791	28.2	255
TRINITY_DN546_c0_g1_i10	1	5701	920	3263	57.2356	22.4662	38	255
TRINITY_DN570_c1_g1_i8	1	5135	88	1163	22.6485	2.31899	37.2	255
TRINITY_DN530_c0_g1_i2	1	1365	434	1163	85.2015	43.8476	36.7	254
TRINITY_DN595_c0_g1_i14	1	3283	2005	2205	67.1642	87.7118	37.7	187
TRINITY_DN549_c0_g1_i2	1	4907	284	1563	31.8525	6.00591	36.7	185
TRINITY_DN554_c0_g1_i3	1	2184	118	1536	70.3297	6.8924	38.2	214
TRINITY_DN504_c0_g1_i4	1	4755	512	2105	44.2692	6.85552	36.9	0.498
TRINITY_DN504_c0_g1_i3	1	5081	492	2493	49.0651	6.95139	37.2	27
TRINITY_DN592_c1_g1_i7	1	2532	109	955	37.7172	2.97314	36.7	101
TRINITY_DN592_c1_g1_i6	1	2363	59	499	21.1172	0.750741	32.9	0
TRINITY_DN592_c1_g1_i1	1	2245	72	681	30.3341	1.249	34	7.08
TRINITY_DN535_c0_g1_i16	1	3781	7211	3484	92.1449	273.704	37.8	255
TRINITY_DN593_c0_g1_i4	1	3634	1470	3462	95.2669	58.7364	37.7	255
TRINITY_DN511_c1_g1_i4	1	3502	307	1872	53.4552	12.8604	37.8	169
TRINITY_DN511_c1_g1_i1	1	3043	90	1283	42.1623	4.29346	37.8	0
TRINITY_DN6504_c0_g2_i1	1	667	82	472	70.7646	18.1154	37.9	255
TRINITY_DN6505_c0_g1_i1	1	6157	1726	4461	72.4541	40.3758	38.1	255
TRINITY_DN6536_c0_g1_i8	1	1327	904	1102	83.0445	33.8885	37	142
TRINITY_DN6509_c0_g1_i5	1	1961	517	1614	82.3049	38.2223	37.8	255
TRINITY_DN13749_c0_g1_i1	1	284	51	240	84.507	26.4718	38.2	255
TRINITY_DN5932_c0_g1_i1	1	2286	11	317	13.867	0.609361	36.3	0
TRINITY_DN5932_c0_g1_i2	1	2286	8	201	8.79265	0.475503	39.5	0
TRINITY_DN14529_c0_g1_i2	1	1568	110	500	31.8878	10.0051	38.2	255
TRINITY_DN48_c0_g1_i2	1	2464	208	1271	51.5828	11.3003	36.6	255
TRINITY_DN4_c1_g1_i1	1	1437	52	532	37.0216	5.05915	37.1	245
TRINITY_DN47_c2_g1_i4	1	2651	102	552	20.8223	2.65598	37.2	198
TRINITY_DN33_c0_g1_i1	1	3195	925	1621	50.7355	33.502	37.6	255
TRINITY_DN15_c9_g1_i2	1	2137	403	1685	78.8489	27.576	38	255
TRINITY_DN29_c0_g1_i9	1	2754	762	2360	85.6935	40.6649	38.1	255
TRINITY_DN5_c41_g1_i1	1	1921	286	1257	65.4347	20.6637	38.5	255
TRINITY_DN90_c0_g1_i7	1	7029	453	1820	25.8927	9.41329	38	255
TRINITY_DN66_c0_g1_i3	1	4281	408	1488	34.7582	10.0598	37.5	244
TRINITY_DN0_c1_g1_i1	1	722	71	434	60.1108	14.3809	38.1	255
TRINITY_DN72_c0_g2_i15	1	3556	852	1104	31.0461	11.6572	36.6	78.1
TRINITY_DN3_c0_g3_i2	1	12554	3676	7193	57.2965	31.2728	37.9	187
TRINITY_DN11_c1_g1_i1	1	2168	767	1834	84.5941	52.1476	38.2	255
TRINITY_DN11_c0_g1_i3	1	3832	310	1086	28.3403	11.7894	38.3	254
TRINITY_DN89_c1_g1_i1	1	4423	232	1470	33.2354	5.94167	37.7	215
TRINITY_DN43_c0_g1_i1	1	12092	562	2489	20.5839	6.67226	38.1	255
TRINITY_DN53_c0_g1_i4	1	2639	834	2118	80.2577	46.1466	38.2	255
TRINITY_DN65_c0_g1_i9	1	5821	537	3027	52.0014	13.0448	37.8	49.4
TRINITY_DN65_c0_g1_i12	1	5708	842	3501	61.335	21.2195	37.8	138
TRINITY_DN1225_c0_g1_i4	1	2697	700	2177	80.7193	38.4494	38.3	255
TRINITY_DN1281_c3_g1_i2	1	3379	345	2865	84.7884	14.873	37.8	35.5
TRINITY_DN1281_c3_g1_i1	1	2990	504	2491	83.311	24.7174	38.2	88
TRINITY_DN1213_c0_g1_i11	1	2765	303	1158	41.8807	15.9873	37.9	255
TRINITY_DN1228_c0_g1_i1	1	772	90	621	80.4404	11.8212	35.9	230
TRINITY_DN1276_c0_g1_i4	1	7406	478	2442	32.9733	9.21132	37.8	255
TRINITY_DN1236_c0_g2_i3	1	9477	116	609	6.42608	1.80279	37.9	255
TRINITY_DN1296_c0_g1_i3	1	1990	156	819	41.1558	11.5623	37.8	255
TRINITY_DN1271_c0_g1_i8	1	6034	232	1838	30.4607	5.06613	37.6	255
TRINITY_DN1203_c0_g1_i12	1	1433	67	716	49.9651	5.77181	36.2	247
TRINITY_DN1270_c0_g1_i11	1	1570	79	933	59.4268	5.98599	38.2	252
TRINITY_DN1295_c1_g1_i3	1	2720	429	2005	73.7132	21.4033	37.4	249
TRINITY_DN1283_c0_g1_i3	1	1317	72	436	33.1055	6.27411	37.7	234
TRINITY_DN219_c0_g1_i1	1	4823	541	2341	48.5383	16.1449	38	255
TRINITY_DN285_c0_g1_i3	1	2335	408	793	33.9615	12.4471	37.4	199
TRINITY_DN251_c0_g1_i5	1	2748	370	1455	52.9476	19.3832	37.9	255
TRINITY_DN230_c0_g2_i1	1	955	62	457	47.8534	9.47749	37.6	255
TRINITY_DN270_c0_g1_i7	1	3527	868	3229	91.5509	35.2821	38	255
TRINITY_DN236_c0_g1_i5	1	1467	419	1136	77.4369	41.471	38	255
TRINITY_DN213_c13_g1_i1	1	1312	358	1144	87.1951	39.8925	37.7	255
TRINITY_DN273_c0_g1_i3	1	6563	311	1609	24.5162	6.66783	37.7	255
TRINITY_DN243_c1_g1_i5	1	2943	205	822	27.9307	10.2949	38.6	255
TRINITY_DN295_c0_g1_i2	1	1311	237	753	57.4371	26.4409	38.1	255
TRINITY_DN260_c0_g1_i4	1	5572	1422	4635	83.1838	37.1579	38.2	255
TRINITY_DN246_c0_g1_i2	1	2369	131	1022	43.1406	5.75348	37.8	0
TRINITY_DN246_c0_g1_i3	1	2384	476	1558	65.3523	26.88	37.9	192
TRINITY_DN234_c0_g1_i11	1	2175	275	1674	76.9655	17.9986	37.5	255
TRINITY_DN234_c1_g1_i12	1	3454	439	1888	54.6613	17.9948	37.5	254
TRINITY_DN11300_c0_g1_i4	1	1270	572	1226	96.5354	66.8323	38.4	255
TRINITY_DN1669_c1_g1_i2	1	3337	432	1595	47.7974	19.0441	38.1	255
TRINITY_DN1663_c0_g1_i23	1	8159	914	4279	52.4452	16.3102	38	255
TRINITY_DN1684_c0_g1_i6	1	2927	843	2329	79.5695	40.3331	37.7	252
TRINITY_DN1600_c0_g1_i4	1	2411	620	2009	83.3264	14.9623	37.3	20.6
TRINITY_DN1600_c0_g1_i1	1	2071	160	1654	79.8648	10.4742	38.2	65.3
TRINITY_DN1600_c0_g1_i3	1	2392	528	1557	65.092	11.7212	37.2	5.31
TRINITY_DN1636_c0_g1_i9	1	3181	603	2745	86.2936	27.8651	38.1	255
TRINITY_DN1633_c4_g1_i12	1	9200	2082	6804	73.9565	33.2155	38.1	255
TRINITY_DN1677_c0_g2_i1	1	3278	193	1384	42.2209	8.57688	37.9	46.2
TRINITY_DN1677_c0_g2_i6	1	3655	143	1384	37.8659	5.50834	37.3	5.35
TRINITY_DN1981_c0_g1_i4	1	1221	26	232	19.0008	0.923014	35.3	0
TRINITY_DN1981_c0_g1_i5	1	1228	26	343	27.9316	1.48534	35.9	0
TRINITY_DN1981_c0_g1_i2	1	1158	91	434	37.4784	10.2401	37.7	219
TRINITY_DN1956_c0_g1_i7	1	6397	365	2209	34.5318	5.9653	37.8	0
TRINITY_DN1956_c0_g1_i9	1	6394	395	2549	39.8655	6.06647	37.6	0
TRINITY_DN1941_c0_g1_i12	1	2567	454	2202	85.7811	25.8434	37.7	255
TRINITY_DN1941_c0_g1_i10	1	1134	102	332	29.2769	13.2011	38.3	252
TRINITY_DN1904_c0_g1_i2	1	3622	212	1432	39.5362	8.50828	38	255
TRINITY_DN1938_c0_g1_i2	1	4408	548	2337	53.0172	18.2005	37.9	255
TRINITY_DN6416_c0_g1_i2	1	1343	417	893	66.4929	46.0089	38.2	255
TRINITY_DN3261_c0_g1_i4	1	1987	590	1213	61.0468	36.6558	37.6	251
TRINITY_DN3273_c0_g1_i7	1	3759	545	2045	54.4028	20.8925	37.9	255
TRINITY_DN3219_c0_g1_i1	1	1848	242	830	44.9134	19.2608	38	255
TRINITY_DN3253_c2_g1_i1	1	1528	34	365	23.8874	2.62696	36.5	255
TRINITY_DN4225_c0_g2_i5	1	7394	2850	4587	62.0368	45.2672	38.1	238
TRINITY_DN4220_c0_g2_i5	1	1698	43	625	36.808	3.60365	37.8	255
TRINITY_DN4261_c0_g1_i2	1	1073	1533	140	13.0475	38.1761	35.6	61.9
TRINITY_DN4272_c0_g1_i3	1	1303	55	344	26.4006	6.22794	38	255
TRINITY_DN4237_c0_g2_i2	1	625	409	564	90.24	60.0608	37.1	249
TRINITY_DN4206_c0_g1_i7	1	3772	53	933	24.7349	1.89502	37.9	9.62
TRINITY_DN4206_c0_g1_i10	1	3508	51	799	22.7765	2.05388	38	0
TRINITY_DN4204_c0_g1_i2	1	3671	536	1888	51.4301	21.5617	38.2	255
TRINITY_DN4246_c0_g1_i1	1	657	40	230	35.0076	9.05936	37.9	255
TRINITY_DN10843_c0_g1_i3	1	852	275	764	89.6714	46.9577	38.2	255
TRINITY_DN4303_c0_g1_i1	1	3481	445	1723	49.4973	18.8182	37.9	255
TRINITY_DN4346_c0_g1_i3	1	1911	248	1232	64.4689	15.4809	37.4	250
TRINITY_DN4386_c0_g1_i2	1	2479	388	1529	61.6781	21.9157	38.2	255
TRINITY_DN4371_c0_g1_i6	1	3706	526	3123	84.2688	20.6125	38.1	255
TRINITY_DN10702_c1_g1_i2	1	2218	143	510	22.9937	2.5266	32.9	234
TRINITY_DN4973_c0_g1_i10	1	4854	677	2845	58.6115	20.3943	38.1	255
TRINITY_DN4704_c0_g1_i4	1	2631	317	996	37.8563	17.6781	38.2	255
TRINITY_DN4731_c1_g1_i4	1	1901	248	1109	58.3377	17.1457	37	255
TRINITY_DN4716_c0_g1_i8	1	9089	4970	6773	74.5186	79.2637	38	17.9
TRINITY_DN4716_c0_g1_i22	1	9178	4907	6760	73.6544	77.4406	37.9	2.81
TRINITY_DN4733_c0_g1_i5	1	1900	427	1308	68.8421	33.1416	38.2	255
TRINITY_DN4762_c0_g1_i1	1	776	131	548	70.6186	24.0593	37.5	255
TRINITY_DN7130_c0_g2_i3	1	2584	1581	1376	53.2508	31.3413	37.2	152
TRINITY_DN1138_c0_g1_i7	1	1708	281	1253	73.3607	23.9696	38.2	255
TRINITY_DN1113_c0_g1_i4	1	2698	182	1566	58.043	9.82431	38.2	0
TRINITY_DN1113_c0_g1_i1	1	2596	284	1535	59.1294	16.213	38.2	97
TRINITY_DN1114_c0_g1_i5	1	4828	363	2885	59.7556	10.9646	38	0
TRINITY_DN1114_c0_g1_i2	1	4824	456	2974	61.6501	13.808	38	37.5
TRINITY_DN1100_c0_g1_i3	1	731	164	478	65.3899	21.7633	37	208
TRINITY_DN1170_c0_g1_i5	1	2245	165	557	24.8107	10.8508	38.1	255
TRINITY_DN1176_c0_g1_i6	1	2637	141	923	35.0019	7.83504	37.8	157
TRINITY_DN1176_c0_g1_i3	1	3127	54	903	28.8775	2.38791	36.9	0
TRINITY_DN1180_c0_g1_i3	1	1569	373	1152	73.4226	34.5832	38.3	255
TRINITY_DN1164_c0_g1_i8	1	2739	394	1214	44.3227	12.893	36.6	251
TRINITY_DN1162_c0_g1_i4	1	1951	43	781	40.0308	3.12404	36.9	0
TRINITY_DN1162_c0_g1_i1	1	1884	92	956	50.7431	6.15446	36.7	91.5
TRINITY_DN1156_c0_g1_i5	1	5766	203	1471	25.5116	4.95907	37.9	255
TRINITY_DN4430_c0_g1_i5	1	1392	12	164	11.7816	1.29167	38.2	255
TRINITY_DN4430_c0_g1_i7	1	1494	1	127	8.50067	0.0850067	29	0
TRINITY_DN2137_c1_g2_i1	1	1123	290	1057	94.1229	29.1977	38.1	255
TRINITY_DN2167_c0_g1_i2	1	772	27	196	25.3886	5.20855	38.5	255
TRINITY_DN2194_c0_g1_i8	1	6349	664	3981	62.7028	15.1112	37.8	255
TRINITY_DN2171_c0_g1_i4	1	1469	148	598	40.708	13.4765	37.8	243
TRINITY_DN2163_c0_g1_i9	1	3571	581	2135	59.7872	23.6656	37.6	255
TRINITY_DN3897_c1_g1_i1	1	2566	19	422	16.4458	0.995713	37.1	255
TRINITY_DN3811_c0_g1_i6	1	5532	1618	5068	91.6124	43.2307	38.3	255
TRINITY_DN9274_c0_g1_i1	1	3095	980	1931	62.391	36.0158	38.1	243
TRINITY_DN21427_c0_g1_i1	1	320	13	204	63.75	5.29375	37.2	255
TRINITY_DN8319_c0_g2_i6	1	4846	2384	4497	92.7982	70.5832	38	255
TRINITY_DN8330_c0_g1_i1	1	1052	185	571	54.2776	26.0295	37.9	255
TRINITY_DN8344_c0_g1_i5	1	8507	4191	7693	90.4314	69.9814	37.9	248
TRINITY_DN367_c0_g2_i8	1	8924	1780	7430	83.2586	26.66	37.8	242
TRINITY_DN355_c1_g1_i11	1	3710	429	1938	52.2372	16.914	38.2	237
TRINITY_DN349_c0_g1_i6	1	2687	379	1773	65.9844	20.6718	37.3	184
TRINITY_DN349_c0_g1_i2	1	2495	132	1534	61.483	7.32505	37.7	100
TRINITY_DN364_c0_g1_i3	1	1585	33	226	14.2587	2.67319	37.6	255
TRINITY_DN313_c0_g1_i2	1	1196	22	302	25.2508	2.74498	38	197
TRINITY_DN313_c0_g1_i3	1	1498	39	533	35.5808	3.77303	38	183
TRINITY_DN374_c0_g1_i2	1	4183	216	938	22.4241	7.45996	37.7	255
TRINITY_DN307_c0_g1_i4	1	2908	210	817	28.0949	9.85832	37.8	166
TRINITY_DN307_c0_g1_i5	1	2782	94	732	26.312	4.06794	37.5	81.4
TRINITY_DN382_c0_g1_i3	1	2627	104	1053	40.0837	5.55729	37.4	250
TRINITY_DN311_c0_g1_i2	1	2265	205	671	29.6247	13.3837	38.5	255
TRINITY_DN366_c0_g1_i5	1	4279	260	1473	34.4239	8.23206	37.6	249
TRINITY_DN3518_c0_g2_i6	1	2280	533	1548	67.8947	34.314	38	255
TRINITY_DN3564_c0_g1_i10	1	3003	67	889	29.6037	3.26807	37.6	198
TRINITY_DN3529_c0_g1_i14	1	1696	30	314	18.5142	2.41981	37.8	246
TRINITY_DN3502_c3_g1_i3	1	4006	110	1095	27.334	3.45981	37.2	243
TRINITY_DN3521_c0_g1_i12	1	3606	660	2471	68.5247	26.9856	38.1	255
TRINITY_DN3579_c0_g1_i12	1	2546	376	2044	80.2828	21.5789	37.8	80
TRINITY_DN3579_c0_g1_i11	1	2877	562	2298	79.8749	28.432	37.6	129
TRINITY_DN3648_c0_g1_i8	1	1455	213	958	65.8419	19.8316	37.4	255
TRINITY_DN3619_c0_g1_i2	1	1282	105	642	50.078	12.11	37.8	255
TRINITY_DN3612_c0_g2_i9	1	2811	454	1598	56.8481	23.0647	37.8	255
TRINITY_DN3637_c0_g1_i2	1	2800	1619	2795	99.8214	85.4489	38.3	255
TRINITY_DN3617_c0_g1_i3	1	2701	301	910	33.6912	9.38504	37.4	197
TRINITY_DN2558_c0_g1_i11	1	3008	336	1894	62.9654	16.0379	37.4	255
TRINITY_DN2528_c1_g1_i16	1	4085	778	3015	73.8066	26.5111	37.8	253
TRINITY_DN2564_c2_g1_i3	1	506	34	98	19.3676	1.53162	32.9	150
TRINITY_DN2577_c0_g1_i5	1	1760	69	837	47.5568	4.91989	37.2	40.7
TRINITY_DN2577_c0_g1_i6	1	1760	81	779	44.2614	5.65568	36.8	0
TRINITY_DN2533_c0_g1_i1	1	1664	275	1019	61.238	23.1737	38	221
TRINITY_DN2533_c0_g1_i2	1	1271	223	779	61.2903	25.7632	38.2	215
TRINITY_DN2513_c0_g1_i2	1	6706	2979	6680	99.6123	65.6341	38.2	255
TRINITY_DN2571_c0_g1_i6	1	3138	686	2125	67.7183	17.8767	37.9	165
TRINITY_DN2580_c0_g1_i6	1	6537	910	3186	48.738	19.7756	38	254
TRINITY_DN17517_c0_g1_i2	1	940	200	621	66.0638	19.7277	37	199
TRINITY_DN18742_c0_g1_i9	1	3109	488	1682	54.101	23.2097	38.2	255
TRINITY_DN3066_c0_g1_i1	1	1466	137	751	51.2278	11.0771	37.5	242
TRINITY_DN3049_c0_g1_i3	1	1972	163	753	38.1846	12.0593	37.8	255
TRINITY_DN3012_c0_g1_i5	1	1986	18	178	8.96274	1.30463	37.2	255
TRINITY_DN3084_c0_g1_i4	1	2074	19	450	21.6972	1.06509	38.1	0
TRINITY_DN3084_c0_g1_i12	1	2101	20	432	20.5616	1.15231	38.7	0
TRINITY_DN3095_c0_g1_i8	1	4910	326	2228	45.3768	9.42851	37.5	253
TRINITY_DN3007_c0_g1_i1	1	3563	820	2887	81.0272	33.5813	37.9	255
TRINITY_DN11998_c0_g1_i5	1	2635	651	2365	89.7533	36.5886	38.2	255
TRINITY_DN7915_c0_g1_i1	1	386	45	293	75.9067	15.728	34.8	255
TRINITY_DN7952_c0_g1_i2	1	2858	154	1158	40.5178	7.27467	38	255
TRINITY_DN24837_c0_g1_i4	1	2344	3217	2276	97.099	95.9433	37.7	109
TRINITY_DN428_c0_g1_i6	1	1916	0	0	0	0	0	0
TRINITY_DN11704_c0_g1_i3	1	3357	0	0	0	0	0	0
TRINITY_DN1567_c0_g1_i3	1	1455	0	0	0	0	0	0
TRINITY_DN16556_c0_g1_i2	1	269	0	0	0	0	0	0
TRINITY_DN22631_c0_g1_i1	1	1541	0	0	0	0	0	0
TRINITY_DN5817_c0_g1_i6	1	790	0	0	0	0	0	0
TRINITY_DN5817_c0_g1_i1	1	1185	0	0	0	0	0	0
TRINITY_DN2945_c0_g1_i1	1	813	0	0	0	0	0	0
TRINITY_DN5023_c0_g1_i2	1	259	0	0	0	0	0	0
TRINITY_DN52513_c0_g1_i6	1	404	0	0	0	0	0	0
TRINITY_DN9394_c0_g1_i2	1	1468	0	0	0	0	0	0
TRINITY_DN7685_c0_g1_i1	1	1265	0	0	0	0	0	0
TRINITY_DN3808_c0_g1_i7	1	882	0	0	0	0	0	0
TRINITY_DN29136_c0_g1_i4	1	421	0	0	0	0	0	0
TRINITY_DN18965_c0_g1_i1	1	266	0	0	0	0	0	0
TRINITY_DN3581_c1_g1_i1	1	1239	0	0	0	0	0	0
