#rname	startpos	endpos	numreads	covbases	coverage	meandepth	meanbaseq	meanmapq
TRINITY_DN2211_c0_g1_i6	1	5427	432	2124	39.1376	7.61913	36.7	0
TRINITY_DN2211_c0_g1_i7	1	5439	542	2305	42.3791	9.55139	36.8	49.9
TRINITY_DN2211_c0_g1_i1	1	1183	69	879	74.3026	5.09637	37.3	103
TRINITY_DN2240_c0_g1_i4	1	3262	478	2320	71.122	14.325	37.2	71.5
TRINITY_DN2240_c0_g1_i10	1	3163	484	2301	72.7474	15.0032	37.4	52.2
TRINITY_DN2246_c1_g1_i4	1	2815	1047	2549	90.5506	35.4149	37.2	255
TRINITY_DN2257_c0_g1_i1	1	2722	640	2291	84.1661	23.0121	37.4	255
TRINITY_DN2292_c0_g1_i5	1	2640	66	591	22.3864	2.45795	36.9	65.7
TRINITY_DN2292_c0_g1_i2	1	2640	54	786	29.7727	1.88106	37.6	0
TRINITY_DN2223_c0_g1_i1	1	1766	441	797	45.1302	9.19026	36.7	74.6
TRINITY_DN33004_c0_g1_i1	1	245	77	244	99.5918	31.0816	37.7	255
TRINITY_DN4635_c0_g1_i5	1	1638	881	1590	97.0696	52.8199	37	255
TRINITY_DN4019_c0_g1_i3	1	3436	138	1419	41.298	3.54627	37	253
TRINITY_DN1420_c4_g1_i3	1	1549	175	883	57.0045	10.5365	36.7	255
TRINITY_DN1474_c0_g1_i1	1	1451	370	1062	73.1909	24.8167	37.4	255
TRINITY_DN1462_c3_g1_i7	1	1505	538	1030	68.4385	34.5442	37.1	255
TRINITY_DN1461_c1_g1_i1	1	7202	246	2662	36.962	3.35018	37.4	38.4
TRINITY_DN1461_c1_g1_i3	1	7372	199	2108	28.5947	2.56796	37.3	14.1
TRINITY_DN1428_c0_g1_i2	1	3490	1071	2798	80.1719	24.2774	36.3	213
TRINITY_DN1405_c0_g1_i3	1	1922	337	1222	63.5796	17.1925	37.5	255
TRINITY_DN1409_c0_g1_i2	1	3495	487	1968	56.309	13.3989	36.9	253
TRINITY_DN1440_c0_g1_i3	1	8636	1466	4599	53.2538	16.4862	37.3	255
TRINITY_DN1481_c0_g1_i3	1	1971	199	1361	69.0512	10.0005	37.6	255
TRINITY_DN3393_c0_g1_i2	1	406	2	100	24.6305	0.381773	38.5	255
TRINITY_DN3367_c0_g1_i1	1	2257	174	1637	72.5299	6.19982	37.3	48.4
TRINITY_DN3367_c0_g1_i3	1	2260	194	1556	68.8496	7.12832	37.2	44.7
TRINITY_DN3368_c0_g1_i5	1	2291	257	1492	65.1244	10.4483	36.7	125
TRINITY_DN3368_c0_g1_i3	1	2163	293	1071	49.5146	12.7027	36.7	164
TRINITY_DN3322_c0_g1_i6	1	3037	518	2127	70.0362	15.8011	37	250
TRINITY_DN1839_c0_g1_i9	1	9946	1984	5923	59.5516	19.1875	37.1	255
TRINITY_DN1848_c0_g1_i5	1	2482	546	1887	76.0274	20.9879	37	246
TRINITY_DN1814_c0_g1_i1	1	2354	305	1463	62.1495	12.2477	36.9	55.2
TRINITY_DN1814_c0_g1_i2	1	1714	319	1290	75.2625	17.7229	37	71.1
TRINITY_DN1806_c2_g1_i10	1	8585	2892	6337	73.8148	32.4897	36.7	255
TRINITY_DN1815_c0_g1_i17	1	1837	61	980	53.3478	2.95482	37.3	238
TRINITY_DN1813_c0_g1_i5	1	5935	550	3060	51.5586	8.76917	36.9	255
TRINITY_DN1890_c0_g1_i5	1	5071	566	2588	51.0353	10.5139	37	155
TRINITY_DN1890_c0_g1_i3	1	3309	561	1804	54.518	16.2097	36.8	167
TRINITY_DN1863_c0_g1_i4	1	4137	523	2065	49.9154	12.2429	37	255
TRINITY_DN5262_c0_g2_i4	1	943	2	185	19.6182	0.196182	36.4	255
TRINITY_DN5243_c0_g1_i5	1	7576	1014	3290	43.4266	7.47835	36.3	20.1
TRINITY_DN5243_c0_g1_i6	1	2621	97	1264	48.2259	3.46776	36.9	23.7
TRINITY_DN5243_c0_g1_i7	1	7569	967	3085	40.7584	6.76073	36.3	3.69
TRINITY_DN5265_c0_g1_i7	1	5967	967	4998	83.7607	15.5534	37.1	7.12
TRINITY_DN5265_c0_g1_i11	1	5888	1419	4281	72.7072	17.6165	36.8	19.6
TRINITY_DN5225_c0_g1_i5	1	5106	1495	3440	67.3717	27.7564	36.6	255
TRINITY_DN6813_c0_g1_i6	1	1112	370	969	87.1403	32.4757	37.1	139
TRINITY_DN6813_c0_g1_i3	1	1412	243	953	67.4929	16.7344	37.4	85
TRINITY_DN439_c0_g1_i4	1	5549	535	3110	56.0461	9.10723	37	75.8
TRINITY_DN439_c0_g1_i2	1	3784	607	2447	64.667	15.1818	36.8	97.9
TRINITY_DN468_c0_g1_i3	1	1210	289	962	79.5041	23.4091	37.4	234
TRINITY_DN468_c0_g2_i2	1	3208	408	1592	49.6259	12.1047	37.2	250
TRINITY_DN437_c0_g1_i8	1	907	11	175	19.2944	0.993385	37.3	255
TRINITY_DN471_c0_g1_i3	1	3340	313	2640	79.0419	8.96138	37.4	255
TRINITY_DN447_c0_g1_i8	1	2231	447	1417	63.5141	19.3048	37.6	251
TRINITY_DN428_c0_g1_i6	1	1916	94	1077	56.2109	4.72495	37.4	255
TRINITY_DN438_c0_g1_i4	1	716	118	534	74.581	16.412	37.3	255
TRINITY_DN478_c0_g1_i6	1	1267	209	431	34.0174	7.55801	37	135
TRINITY_DN411_c0_g1_i2	1	2629	668	1778	67.6303	23.7406	36.6	250
TRINITY_DN489_c0_g1_i3	1	962	73	252	26.1954	2.24532	36.2	129
TRINITY_DN405_c0_g1_i3	1	2657	317	1708	64.283	11.4859	37.3	255
TRINITY_DN430_c2_g1_i5	1	3497	1610	2739	78.3243	44.1939	36.5	255
TRINITY_DN408_c1_g1_i6	1	3342	1227	2477	74.1173	20.2582	36.6	121
TRINITY_DN408_c1_g1_i1	1	2830	595	1780	62.8975	20.3643	36.8	140
TRINITY_DN445_c0_g1_i4	1	14537	3099	8512	58.554	20.5282	36.9	255
TRINITY_DN476_c1_g1_i2	1	1091	305	885	81.1182	25.3758	37.3	249
TRINITY_DN491_c0_g1_i2	1	2073	429	1781	85.9141	20.0241	37	255
TRINITY_DN404_c0_g1_i14	1	2086	572	1721	82.5024	25.1539	37.5	254
TRINITY_DN473_c0_g1_i3	1	2113	168	1145	54.1884	7.53431	37.6	255
TRINITY_DN49550_c0_g1_i3	1	1359	279	1215	89.404	20.067	37.3	255
TRINITY_DN3199_c0_g1_i2	1	2492	608	1257	50.4414	17.1517	36.5	169
TRINITY_DN3150_c1_g1_i8	1	4917	1310	3763	76.5304	25.4407	36.7	255
TRINITY_DN3148_c0_g1_i5	1	2815	759	2151	76.4121	26.1858	37.2	255
TRINITY_DN3192_c0_g3_i2	1	2655	224	1307	49.2279	7.90169	37	255
TRINITY_DN3137_c0_g1_i1	1	523	91	490	93.6902	16.9866	37.3	255
TRINITY_DN10156_c0_g1_i1	1	416	51	204	49.0385	12.149	36.8	255
TRINITY_DN11704_c0_g1_i3	1	3357	135	1759	52.398	3.92166	37.8	255
TRINITY_DN11745_c0_g1_i6	1	4042	1008	3650	90.3018	24.1722	37.1	253
TRINITY_DN1701_c0_g1_i1	1	2229	504	1666	74.742	22.201	37	121
TRINITY_DN1701_c0_g1_i3	1	3241	329	2470	76.211	9.91237	37.2	46.5
TRINITY_DN1772_c0_g1_i1	1	2895	417	1658	57.2712	13.8953	37.2	255
TRINITY_DN1794_c0_g1_i2	1	1317	539	1262	95.8238	39.7335	36.9	255
TRINITY_DN1783_c0_g1_i10	1	746	209	741	99.3298	23.8552	36.4	255
TRINITY_DN1779_c0_g1_i8	1	3308	1377	2542	76.844	40.4235	37.2	255
TRINITY_DN1720_c0_g1_i2	1	3327	1691	2953	88.7586	49.3514	36.7	255
TRINITY_DN7336_c0_g1_i4	1	1345	202	1023	76.0595	14.7517	37.4	255
TRINITY_DN7396_c0_g1_i5	1	496	104	486	97.9839	20.7137	37.3	255
TRINITY_DN7383_c0_g1_i1	1	1450	842	1449	99.931	57.1241	37.6	255
TRINITY_DN33607_c0_g1_i2	1	1887	915	1788	94.7536	38.3365	37.4	255
TRINITY_DN6952_c0_g1_i3	1	2306	627	1738	75.3686	26.4224	37.1	255
TRINITY_DN6907_c0_g2_i2	1	1668	155	567	33.9928	9.16427	37.6	255
TRINITY_DN6963_c0_g1_i4	1	3496	1184	3036	86.8421	33.0635	37.1	255
TRINITY_DN1547_c0_g1_i3	1	2158	66	930	43.0955	2.93559	37	255
TRINITY_DN1528_c0_g1_i5	1	2667	175	1675	62.8046	4.95463	37.4	0
TRINITY_DN1528_c0_g1_i12	1	2749	152	1552	56.4569	4.27028	37.5	11.7
TRINITY_DN1553_c0_g1_i1	1	4311	327	2945	68.3136	7.45372	37.8	255
TRINITY_DN1520_c1_g1_i9	1	5387	637	3183	59.0867	9.66178	36.9	103
TRINITY_DN1520_c1_g1_i10	1	5372	551	2286	42.554	8.52141	36.8	97.2
TRINITY_DN1549_c0_g1_i6	1	2668	520	1853	69.4528	18.759	36.9	255
TRINITY_DN1567_c0_g1_i3	1	1455	370	1227	84.3299	24.3595	37.1	255
TRINITY_DN1529_c0_g1_i9	1	983	63	291	29.6033	6.30112	37.3	255
TRINITY_DN1574_c0_g1_i5	1	2046	233	1293	63.1965	10.9717	37	21.9
TRINITY_DN1574_c0_g1_i1	1	1435	450	1026	71.4983	30.6307	36.8	153
TRINITY_DN4102_c1_g1_i2	1	3821	9899	3820	99.9738	252.504	37.3	255
TRINITY_DN4130_c0_g1_i5	1	2550	242	1655	64.902	8.90588	36.8	22.1
TRINITY_DN4130_c0_g1_i2	1	3424	208	1870	54.6145	5.62208	36.5	13.5
TRINITY_DN4114_c0_g1_i10	1	7933	3117	7543	95.0838	38.3323	37.3	255
TRINITY_DN4168_c0_g1_i5	1	2152	971	2123	98.6524	43.8058	37	255
TRINITY_DN6279_c0_g1_i1	1	3181	1536	3151	99.0569	46.8711	37.1	255
TRINITY_DN6260_c0_g1_i1	1	471	69	366	77.707	14.2335	37.3	255
TRINITY_DN8757_c0_g1_i2	1	1648	805	699	42.415	20.0188	36.4	221
TRINITY_DN5508_c0_g1_i3	1	1221	447	1121	91.81	36.1327	37.6	255
TRINITY_DN5519_c0_g1_i4	1	1841	358	1589	86.3118	19.0603	37.5	255
TRINITY_DN2899_c0_g3_i1	1	1425	390	1212	85.0526	22.4196	36.8	223
TRINITY_DN2803_c0_g1_i3	1	3329	580	2526	75.8786	17.1397	37.2	255
TRINITY_DN2825_c1_g1_i1	1	3193	483	1977	61.9167	14.3714	37	255
TRINITY_DN2889_c1_g1_i1	1	1610	202	957	59.441	12.0845	37.6	255
TRINITY_DN4864_c0_g1_i3	1	1701	204	930	54.6737	11.2158	37.2	254
TRINITY_DN4884_c0_g1_i2	1	860	18	456	53.0233	2	36.9	255
TRINITY_DN4803_c0_g1_i1	1	2108	427	1278	60.6262	19.5636	37.1	253
TRINITY_DN4807_c0_g1_i1	1	1679	281	878	52.293	15.7564	36.4	255
TRINITY_DN4805_c0_g1_i11	1	1081	29	269	24.8844	2.57077	37.8	255
TRINITY_DN12582_c0_g1_i8	1	1252	247	1109	88.5783	19.2093	37	255
TRINITY_DN7766_c0_g1_i2	1	2356	115	943	40.0255	3.94694	36.5	235
TRINITY_DN7774_c0_g1_i12	1	4101	530	2736	66.7154	12.5006	37.1	255
TRINITY_DN2071_c0_g1_i6	1	12316	2491	9148	74.2774	19.2269	36.4	23.2
TRINITY_DN2071_c0_g1_i7	1	12796	2375	9447	73.8278	17.5479	36.4	0
TRINITY_DN2071_c0_g1_i2	1	12775	2407	9310	72.8767	17.8706	36.5	16.7
TRINITY_DN2081_c0_g1_i6	1	2992	510	2666	89.1043	16.8182	37.6	0
TRINITY_DN2081_c0_g1_i3	1	3087	580	2845	92.1607	18.5455	37.4	29
TRINITY_DN2066_c0_g1_i1	1	2530	1295	1903	75.2174	50.2036	37.4	255
TRINITY_DN2094_c0_g2_i3	1	973	38	643	66.0843	3.73484	37.8	255
TRINITY_DN2000_c0_g1_i2	1	1117	137	703	62.9364	11.9024	37.2	255
TRINITY_DN2084_c0_g1_i1	1	2646	724	2244	84.8073	26.4641	37.2	255
TRINITY_DN2076_c0_g1_i3	1	1053	251	749	71.1301	23.1016	37.4	255
TRINITY_DN2077_c0_g1_i4	1	2211	288	1433	64.8123	12.6549	37.4	255
TRINITY_DN2058_c0_g1_i1	1	4615	1181	3784	81.9935	24.9118	37.3	255
TRINITY_DN1057_c0_g1_i8	1	2630	611	2434	92.5475	22.697	37.1	85.6
TRINITY_DN1057_c0_g1_i14	1	2471	633	2178	88.1425	24.8778	36.9	92.7
TRINITY_DN1061_c1_g2_i4	1	5464	2413	4164	76.2079	24.0375	36.8	180
TRINITY_DN1090_c0_g1_i11	1	2558	435	2298	89.8358	12.9367	37	243
TRINITY_DN1009_c0_g1_i3	1	2229	755	1774	79.5873	32.8434	37.2	255
TRINITY_DN1015_c0_g1_i6	1	4665	1445	3738	80.1286	30.2322	37.3	255
TRINITY_DN1065_c1_g1_i5	1	5089	2168	4388	86.2252	41.5119	37.3	255
TRINITY_DN1007_c3_g1_i3	1	504	62	368	73.0159	11.8651	37.1	255
TRINITY_DN1007_c1_g1_i2	1	4344	2236	2912	67.035	28.5104	36.7	145
TRINITY_DN49399_c0_g1_i1	1	1219	111	1065	87.3667	8.34865	37.4	253
TRINITY_DN16520_c0_g1_i2	1	3223	804	1899	58.9203	24.1502	36.9	255
TRINITY_DN16501_c0_g1_i2	1	2140	367	925	43.2243	10.5547	36.3	255
TRINITY_DN26381_c0_g2_i6	1	5199	890	3267	62.839	16.6553	37.5	255
TRINITY_DN2767_c1_g1_i8	1	6672	596	4148	62.1703	8.09982	37.2	251
TRINITY_DN2767_c0_g1_i1	1	3392	914	3075	90.6545	26.0908	37	255
TRINITY_DN2761_c0_g1_i1	1	1947	533	1180	60.6061	26.0318	37	251
TRINITY_DN2725_c0_g1_i1	1	850	254	822	96.7059	29.5659	37.6	255
TRINITY_DN2715_c0_g1_i3	1	2223	904	1915	86.1448	39.323	37	255
TRINITY_DN2774_c0_g1_i14	1	2228	721	2115	94.9282	31.8052	37.7	255
TRINITY_DN2776_c0_g1_i2	1	1315	313	1198	91.1027	23.1894	37.3	255
TRINITY_DN2726_c0_g1_i15	1	5869	2737	5351	91.174	45.5268	37.2	255
TRINITY_DN2721_c0_g1_i2	1	633	109	496	78.357	16.7188	37.4	255
TRINITY_DN12394_c0_g2_i2	1	543	1338	541	99.6317	118.845	35.2	250
TRINITY_DN19808_c0_g1_i2	1	2487	1039	2466	99.1556	40.9654	37.5	255
TRINITY_DN5401_c0_g1_i1	1	3571	301	1723	48.2498	7.33632	37	236
TRINITY_DN19130_c0_g1_i2	1	2293	956	1862	81.2037	38.6524	37.5	255
TRINITY_DN22631_c0_g1_i1	1	1541	53	1398	90.7203	3.3647	36.8	255
TRINITY_DN2321_c0_g1_i6	1	1156	1022	787	68.0796	87.0571	37.3	255
TRINITY_DN2316_c0_g1_i6	1	3623	373	2393	66.0502	10.0853	37.4	48.5
TRINITY_DN2316_c0_g1_i8	1	3163	295	2100	66.3927	9.135	37.5	0.864
TRINITY_DN2311_c0_g1_i13	1	7597	2707	5329	70.1461	34.3491	37	255
TRINITY_DN2315_c0_g1_i1	1	2153	1449	2004	93.0794	64.0864	36.3	255
TRINITY_DN2365_c1_g1_i1	1	1995	388	1803	90.3759	18.6987	37.2	255
TRINITY_DN2353_c0_g1_i2	1	5489	1204	3709	67.5715	20.4416	36.9	147
TRINITY_DN2353_c0_g1_i13	1	3385	505	2339	69.099	14.3548	36.8	6.06
TRINITY_DN5837_c0_g1_i2	1	3143	929	2724	86.6688	28.7996	37.1	255
TRINITY_DN5814_c0_g1_i10	1	4216	2167	4053	96.1338	49.8556	36.9	255
TRINITY_DN5895_c0_g1_i2	1	1848	311	1255	67.9113	16.6028	37.4	255
TRINITY_DN5817_c0_g1_i6	1	790	81	422	53.4177	9.7519	36.9	208
TRINITY_DN5817_c0_g1_i1	1	1185	366	805	67.9325	30.1806	37.1	242
TRINITY_DN961_c0_g1_i9	1	868	59	729	83.9862	6.13134	37.2	255
TRINITY_DN994_c0_g1_i1	1	1559	208	1446	92.7518	13.247	37.5	255
TRINITY_DN924_c0_g2_i4	1	2612	129	1549	59.3032	4.567	37.4	255
TRINITY_DN670_c0_g1_i16	1	3233	596	2867	88.6792	18.0019	37.2	37.7
TRINITY_DN670_c0_g1_i17	1	5080	1220	4661	91.752	23.5341	37.2	165
TRINITY_DN657_c5_g1_i4	1	2219	414	1501	67.6431	18.0951	37.1	255
TRINITY_DN661_c1_g1_i5	1	2592	1785	2577	99.4213	64.7126	36.4	255
TRINITY_DN644_c0_g1_i25	1	5120	3363	4816	94.0625	63.759	36.8	255
TRINITY_DN609_c0_g1_i3	1	1493	33	582	38.9819	2.1574	37.7	0
TRINITY_DN609_c0_g1_i9	1	1494	34	468	31.3253	2.23427	37.9	0
TRINITY_DN601_c0_g1_i4	1	8870	3729	6721	75.7723	40.1345	36.7	255
TRINITY_DN611_c0_g1_i3	1	4909	1659	4812	98.024	32.1952	36.8	254
TRINITY_DN610_c0_g1_i6	1	5460	1807	4409	80.7509	31.5941	36.5	11.6
TRINITY_DN610_c0_g1_i14	1	5084	1761	4208	82.7695	33.3993	36.6	12.6
TRINITY_DN669_c0_g1_i6	1	5747	606	3439	59.8399	9.89055	36.6	99.3
TRINITY_DN669_c0_g1_i7	1	10270	2848	7286	70.9445	26.6332	36.7	215
TRINITY_DN669_c0_g1_i2	1	4905	444	2802	57.1254	8.49745	36.7	87.3
TRINITY_DN2681_c0_g1_i2	1	1895	1183	1669	88.0739	61.3351	37.3	255
TRINITY_DN2681_c0_g2_i1	1	869	128	749	86.191	14.4925	37.7	255
TRINITY_DN2668_c0_g1_i2	1	3678	1332	2755	74.9048	35.1313	37.1	255
TRINITY_DN2601_c0_g1_i8	1	1990	509	1431	71.9095	24.5739	37	255
TRINITY_DN2627_c0_g1_i1	1	734	160	519	70.7084	21.1226	37.5	253
TRINITY_DN2699_c0_g2_i4	1	2409	823	1752	72.7273	33.176	37.1	255
TRINITY_DN2617_c0_g1_i3	1	2899	197	2147	74.06	6.62263	37.4	255
TRINITY_DN2693_c0_g1_i2	1	2566	289	1628	63.4451	10.1208	37	242
TRINITY_DN2653_c0_g3_i15	1	6775	5753	6661	98.3173	83.1677	37.2	1.33
TRINITY_DN2653_c0_g3_i20	1	9049	7179	8884	98.1766	77.5585	37.3	49
TRINITY_DN8534_c0_g1_i3	1	2543	582	1186	46.6378	22.2438	36.9	255
TRINITY_DN2905_c0_g1_i6	1	3904	1446	3477	89.0625	35.0789	36.6	7.23
TRINITY_DN2905_c0_g1_i8	1	3648	2165	3208	87.9386	51.94	36.7	44.6
TRINITY_DN2929_c0_g1_i15	1	2253	453	1851	82.1571	19.5508	37.5	255
TRINITY_DN2912_c0_g1_i1	1	521	99	373	71.5931	17.858	37.2	247
TRINITY_DN2945_c0_g1_i6	1	944	96	579	61.3347	9.86758	37.3	239
TRINITY_DN2945_c0_g1_i1	1	813	23	469	57.6876	2.8032	37.1	155
TRINITY_DN2910_c0_g1_i10	1	9486	3184	8871	93.5168	31.5803	37.6	244
TRINITY_DN2915_c0_g1_i2	1	1140	40	510	44.7368	3.24123	36.6	255
TRINITY_DN2934_c0_g1_i4	1	2964	700	2459	82.9622	23.1167	37.6	255
TRINITY_DN2939_c0_g1_i1	1	645	102	450	69.7674	15.2093	37	255
TRINITY_DN2917_c0_g1_i6	1	3881	406	1707	43.9835	9.43107	36.4	18.2
TRINITY_DN2917_c0_g1_i2	1	3878	402	1843	47.5245	9.29345	36.5	21.6
TRINITY_DN2926_c0_g1_i8	1	3894	1301	3381	86.8259	32.6181	37.4	255
TRINITY_DN867_c0_g1_i12	1	3226	1119	2325	72.0707	33.1218	37	255
TRINITY_DN807_c0_g1_i1	1	4687	237	2051	43.7593	4.31875	37.1	240
TRINITY_DN823_c0_g1_i2	1	491	147	287	58.4521	29.4521	37.8	255
TRINITY_DN881_c0_g1_i4	1	737	58	659	89.4166	7.34464	37.5	251
TRINITY_DN881_c0_g1_i1	1	954	178	940	98.5325	13.9518	36.4	254
TRINITY_DN839_c2_g1_i3	1	3121	294	1525	48.8625	8.66581	37.1	253
TRINITY_DN862_c0_g1_i7	1	3914	245	1648	42.1053	6.04088	37.5	29.1
TRINITY_DN862_c0_g1_i1	1	5220	479	2595	49.7126	8.90632	37.3	131
TRINITY_DN6106_c0_g1_i3	1	2520	479	1291	51.2302	18.5429	37.3	255
TRINITY_DN6169_c0_g1_i1	1	1353	9	493	36.4375	0.496674	36.6	227
TRINITY_DN6144_c0_g1_i5	1	1111	160	854	76.8677	13.9451	37.1	255
TRINITY_DN6100_c0_g1_i1	1	5209	557	3011	57.8038	9.99021	37	25.6
TRINITY_DN6100_c0_g1_i2	1	4525	520	3131	69.1934	11.1423	36.9	26.5
TRINITY_DN23313_c0_g1_i9	1	1589	104	898	56.5135	6.06671	36.8	255
TRINITY_DN8662_c0_g1_i1	1	289	104	287	99.308	34.9446	36.9	255
TRINITY_DN6008_c0_g1_i3	1	2292	284	1604	69.9825	11.8307	36.9	255
TRINITY_DN6041_c0_g2_i3	1	2782	117	1376	49.4608	4.0399	36.7	255
TRINITY_DN6664_c0_g1_i8	1	2381	442	1810	76.0185	17.9164	36.7	255
TRINITY_DN6618_c0_g1_i2	1	1875	1069	1597	85.1733	46.8464	37.3	207
TRINITY_DN6640_c0_g1_i1	1	664	96	621	93.5241	14.256	38.1	255
TRINITY_DN5043_c0_g1_i7	1	2056	187	1212	58.9494	8.84095	37.2	255
TRINITY_DN5023_c0_g1_i2	1	259	7	227	87.6448	2.72973	38.5	255
TRINITY_DN5059_c0_g1_i1	1	861	39	652	75.7259	4.42509	36.9	255
TRINITY_DN11553_c0_g1_i1	1	1290	92	636	49.3023	4.5186	36.7	233
TRINITY_DN35695_c0_g3_i2	1	594	380	546	91.9192	62.1145	36.9	255
TRINITY_DN52513_c0_g1_i6	1	404	65	265	65.5941	15.4505	36.9	247
TRINITY_DN3746_c0_g1_i4	1	763	25	401	52.5557	3.2464	37.5	40.8
TRINITY_DN3746_c0_g1_i5	1	772	46	421	54.5337	5.90155	37.7	116
TRINITY_DN3746_c0_g1_i3	1	761	108	684	89.8817	13.9382	37.3	224
TRINITY_DN3743_c0_g1_i3	1	929	144	482	51.8837	15.2045	37.6	255
TRINITY_DN3774_c0_g1_i2	1	1493	444	1154	77.294	28.1822	37.5	252
TRINITY_DN3755_c0_g1_i4	1	1511	160	1061	70.2184	9.98676	36.6	255
TRINITY_DN3770_c0_g1_i4	1	1960	1575	1704	86.9388	78.3551	37.3	240
TRINITY_DN3772_c1_g1_i4	1	1293	958	832	64.3465	29.3488	36.4	80.4
TRINITY_DN27525_c0_g2_i3	1	1864	794	1801	96.6202	41.7661	36.9	255
TRINITY_DN10081_c0_g1_i2	1	2099	1030	2062	98.2373	47.7675	37	255
TRINITY_DN9811_c0_g1_i12	1	3735	965	3440	92.1017	25.1968	37.5	255
TRINITY_DN184_c0_g1_i4	1	2777	1751	2392	86.1361	60.596	36.9	255
TRINITY_DN106_c1_g1_i1	1	4523	577	1987	43.931	11.6485	37.2	247
TRINITY_DN106_c0_g1_i5	1	4264	215	1417	33.2317	4.85718	36.8	0
TRINITY_DN106_c0_g1_i2	1	3992	241	1554	38.9279	5.6503	36.9	9.52
TRINITY_DN140_c1_g1_i8	1	11459	2624	8192	71.4897	21.0904	36.8	255
TRINITY_DN140_c0_g1_i5	1	6400	523	3900	60.9375	7.86297	36.6	4.88
TRINITY_DN140_c0_g1_i2	1	6349	507	3720	58.5919	7.62388	36.5	3.52
TRINITY_DN120_c1_g1_i1	1	1793	306	1149	64.0825	16.1919	36.4	255
TRINITY_DN166_c0_g2_i11	1	4020	412	1697	42.2139	9.64502	37	254
TRINITY_DN176_c0_g1_i1	1	3264	1650	2698	82.6593	48.261	36.5	255
TRINITY_DN145_c0_g1_i2	1	1466	813	1225	83.5607	54.1705	37	255
TRINITY_DN111_c0_g1_i7	1	1052	84	640	60.8365	7.87452	37	194
TRINITY_DN111_c0_g1_i1	1	1014	21	243	23.9645	2.07396	37.9	0
TRINITY_DN30005_c0_g1_i2	1	1761	622	1734	98.4668	34.5162	37	255
TRINITY_DN6728_c0_g1_i1	1	2031	192	1257	61.8907	9.09109	36.8	255
TRINITY_DN6770_c0_g1_i9	1	1644	501	1262	76.764	25.3796	36.8	254
TRINITY_DN39339_c3_g1_i2	1	1717	105	1646	95.8649	6.03494	36.9	255
TRINITY_DN1336_c0_g1_i6	1	2312	65	711	30.7526	2.34083	36.5	3.92
TRINITY_DN1336_c0_g1_i2	1	2303	235	922	40.0347	9.47807	36.7	189
TRINITY_DN1363_c0_g3_i3	1	2719	587	2125	78.1537	20.9154	37.2	255
TRINITY_DN1304_c0_g1_i13	1	6767	584	3479	51.4113	8.13137	36.6	255
TRINITY_DN1348_c0_g1_i10	1	2779	1709	2325	83.6632	57.276	37.4	251
TRINITY_DN1355_c0_g1_i1	1	2074	728	1514	72.999	34.0694	37.1	255
TRINITY_DN1379_c0_g1_i1	1	1547	708	1338	86.49	44.9935	37.4	255
TRINITY_DN1368_c1_g1_i4	1	4356	957	2839	65.1745	20.6986	36.3	255
TRINITY_DN1333_c0_g1_i2	1	1875	108	1041	55.52	5.17707	37	212
TRINITY_DN1317_c0_g1_i2	1	1739	3071	1321	75.9632	69.552	35.2	72.7
TRINITY_DN1354_c0_g1_i2	1	2469	936	1973	79.9109	37.0863	37.4	255
TRINITY_DN1396_c0_g1_i2	1	1431	117	843	58.9099	7.90217	37.8	255
TRINITY_DN1324_c8_g1_i1	1	3065	611	1753	57.1941	19.1018	37	255
TRINITY_DN1302_c0_g1_i6	1	2263	1359	2061	91.0738	57.346	36.9	255
TRINITY_DN1362_c0_g1_i1	1	1707	929	1582	92.6772	52.4733	37	255
TRINITY_DN12139_c0_g1_i2	1	2807	999	2262	80.5843	33.088	36.8	255
TRINITY_DN3496_c3_g1_i1	1	3620	770	2806	77.5138	16.9091	36.7	7.29
TRINITY_DN3496_c3_g1_i4	1	3614	1024	2624	72.6065	24.264	36.8	59.8
TRINITY_DN3414_c0_g4_i1	1	408	101	248	60.7843	8.04657	33.6	255
TRINITY_DN3484_c0_g1_i6	1	1642	523	1051	64.0073	30.5061	37.1	255
TRINITY_DN3421_c0_g1_i4	1	1976	462	1445	73.1275	22.7424	36.7	72.3
TRINITY_DN3421_c0_g1_i2	1	2941	413	2333	79.3268	13.5264	36.9	32.1
TRINITY_DN3977_c0_g1_i2	1	1307	180	1065	81.4843	12.9135	36.9	255
TRINITY_DN13311_c0_g1_i10	1	6789	197768	6730	99.1309	2850.18	37.3	255
TRINITY_DN9743_c0_g1_i1	1	1886	545	1682	89.1835	27.8208	37.5	254
TRINITY_DN17175_c0_g1_i8	1	2348	447	1923	81.8995	17.7338	37.4	254
TRINITY_DN12910_c0_g1_i3	1	1548	35	779	50.323	2.2022	37.3	255
TRINITY_DN9394_c0_g1_i2	1	1468	2	143	9.74114	0.0974114	33.4	255
TRINITY_DN9429_c0_g1_i2	1	2322	856	1776	76.4858	29.8019	37	231
TRINITY_DN20545_c0_g1_i7	1	679	43	492	72.4595	6.15022	38.3	255
TRINITY_DN6326_c0_g1_i1	1	2264	227	1516	66.9611	8.6886	36.9	249
TRINITY_DN6387_c0_g1_i2	1	1360	237	1264	92.9412	17.1846	37.2	255
TRINITY_DN5133_c0_g1_i2	1	1392	361	1178	84.6264	23.8484	37.6	249
TRINITY_DN5330_c0_g1_i1	1	3251	798	1525	46.9086	23.5411	36.4	255
TRINITY_DN5318_c0_g1_i2	1	8877	7761	8012	90.2557	83.4451	36.4	255
TRINITY_DN5317_c0_g1_i5	1	3725	878	2463	66.1208	22.9262	37.3	255
TRINITY_DN5333_c0_g1_i5	1	7753	3211	5050	65.1361	39.8463	36.9	255
TRINITY_DN5394_c0_g1_i5	1	3121	583	2394	76.7062	18.1967	37.4	255
TRINITY_DN700_c2_g1_i2	1	6956	6799	6901	99.2093	94.8094	36.8	255
TRINITY_DN724_c0_g1_i3	1	1008	309	887	87.996	29.8135	36.9	255
TRINITY_DN705_c0_g1_i1	1	2244	222	1407	62.7005	7.00758	37.1	202
TRINITY_DN785_c3_g1_i3	1	3364	1094	2898	86.1474	26.1894	37	217
TRINITY_DN784_c0_g1_i4	1	3233	217	1779	55.0263	6.56882	37.4	255
TRINITY_DN749_c0_g1_i1	1	5650	399	2599	46	6.74301	36.8	17.9
TRINITY_DN749_c0_g1_i9	1	4702	417	2873	61.1017	8.47682	36.9	32.4
TRINITY_DN711_c1_g1_i3	1	2255	167	871	38.6253	7.16984	37.7	252
TRINITY_DN706_c0_g1_i11	1	7032	1177	4107	58.4044	16.1668	36.8	255
TRINITY_DN739_c0_g1_i4	1	1226	78	646	52.6917	5.78222	37.2	248
TRINITY_DN773_c0_g1_i3	1	2143	896	1407	65.6556	40.5044	37.1	255
TRINITY_DN733_c0_g1_i1	1	1696	162	1007	59.375	9.28715	36.8	22
TRINITY_DN733_c0_g1_i3	1	1694	189	1198	70.7202	10.8442	37.2	54
TRINITY_DN761_c0_g1_i1	1	3178	160	854	26.8722	4.87476	37.2	255
TRINITY_DN2405_c1_g1_i5	1	3771	2150	2992	79.3423	46.0912	36.6	211
TRINITY_DN2412_c0_g1_i1	1	1369	175	1040	75.9679	12.2148	36.6	255
TRINITY_DN2465_c0_g1_i1	1	2068	90	947	45.793	4.1001	36.5	255
TRINITY_DN14159_c0_g1_i5	1	669	10	384	57.3991	1.42601	38.4	255
TRINITY_DN25160_c0_g1_i1	1	560	95	352	62.8571	16.225	37	255
TRINITY_DN63126_c0_g1_i1	1	2057	451	1509	73.3593	21.2285	37.2	255
TRINITY_DN5678_c0_g1_i4	1	2055	646	1518	73.8686	30.6579	37	255
TRINITY_DN16411_c0_g1_i4	1	306	6	163	53.268	1.96078	37.5	255
TRINITY_DN546_c0_g1_i10	1	5701	261	3197	56.0779	4.23066	37.6	255
TRINITY_DN570_c1_g1_i8	1	5135	421	3065	59.6884	7.68296	37	255
TRINITY_DN530_c0_g1_i2	1	1365	19	834	61.0989	1.38168	37.4	255
TRINITY_DN595_c0_g1_i14	1	3283	4667	2463	75.0228	137.374	36.7	169
TRINITY_DN549_c0_g1_i2	1	4907	819	4506	91.828	15.4954	37	243
TRINITY_DN554_c0_g1_i3	1	2184	261	1775	81.2729	11.4858	37.2	184
TRINITY_DN504_c0_g1_i4	1	4755	700	2544	53.5016	9.57434	37	2.91
TRINITY_DN504_c0_g1_i3	1	5081	811	2714	53.4147	11.146	36.8	27.7
TRINITY_DN592_c1_g1_i7	1	2532	169	1413	55.8057	5.40837	37.1	187
TRINITY_DN592_c1_g1_i6	1	2363	96	968	40.9649	2.8358	36.3	149
TRINITY_DN592_c1_g1_i1	1	2245	58	726	32.3385	1.33096	35.2	52.8
TRINITY_DN535_c0_g1_i16	1	3781	61216	3780	99.9736	1553.85	36.9	255
TRINITY_DN593_c0_g1_i4	1	3634	792	3346	92.0748	20.8751	37	254
TRINITY_DN511_c1_g1_i4	1	3502	324	2139	61.0794	9.02684	37.5	46.4
TRINITY_DN511_c1_g1_i1	1	3043	312	2124	69.7995	10.0079	37.1	46.6
TRINITY_DN6504_c0_g2_i1	1	667	18	239	35.8321	1.54573	35.9	255
TRINITY_DN6505_c0_g1_i1	1	6157	2659	5139	83.466	41.6654	37.2	255
TRINITY_DN6536_c0_g1_i8	1	1327	641	1003	75.584	20.844	36.3	158
TRINITY_DN6509_c0_g1_i5	1	1961	941	1850	94.3396	46.1775	36.7	255
TRINITY_DN13749_c0_g1_i1	1	284	251	245	86.2676	86.669	36.9	253
TRINITY_DN5932_c0_g1_i1	1	2286	105	840	36.7454	4.48775	37.4	138
TRINITY_DN5932_c0_g1_i2	1	2286	130	850	37.1829	5.53062	37.3	137
TRINITY_DN14529_c0_g1_i2	1	1568	82	1155	73.6607	4.92156	37.1	255
TRINITY_DN7685_c0_g1_i1	1	1265	134	1241	98.1028	10.566	37.7	255
TRINITY_DN48_c0_g1_i2	1	2464	115	1227	49.7971	4.25162	37.3	253
TRINITY_DN4_c1_g1_i1	1	1437	290	833	57.968	19.1009	36.4	252
TRINITY_DN47_c2_g1_i4	1	2651	128	931	35.1188	3.27801	37.4	223
TRINITY_DN33_c0_g1_i1	1	3195	3237	1636	51.205	62.6275	36.3	255
TRINITY_DN15_c9_g1_i2	1	2137	1497	2016	94.3379	67.6781	37	255
TRINITY_DN29_c0_g1_i9	1	2754	1324	2027	73.602	46.6293	37.2	255
TRINITY_DN5_c41_g1_i1	1	1921	96	1176	61.2181	4.38157	37.2	255
TRINITY_DN90_c0_g1_i7	1	7029	820	3499	49.7795	11.3377	37.6	255
TRINITY_DN66_c0_g1_i3	1	4281	694	2630	61.4342	13.4894	36.2	251
TRINITY_DN0_c1_g1_i1	1	722	74	527	72.9917	10.1496	37.1	255
TRINITY_DN72_c0_g2_i15	1	3556	709	1524	42.8571	8.40439	36.8	105
TRINITY_DN3_c0_g3_i2	1	12554	6833	10291	81.9739	47.8092	36.7	228
TRINITY_DN11_c1_g1_i1	1	2168	317	1834	84.5941	14.4663	37.6	255
TRINITY_DN11_c0_g1_i3	1	3832	159	1662	43.3716	3.99165	37.3	255
TRINITY_DN89_c1_g1_i1	1	4423	664	2077	46.9591	14.2225	36.9	251
TRINITY_DN43_c0_g1_i1	1	12092	1938	7008	57.9557	15.2666	37.3	255
TRINITY_DN53_c0_g1_i4	1	2639	732	2138	81.0155	26.8875	37.4	255
TRINITY_DN65_c0_g1_i9	1	5821	719	4131	70.9672	11.9304	36.5	29.8
TRINITY_DN65_c0_g1_i12	1	5708	730	4433	77.6629	12.3134	36.8	48.6
TRINITY_DN1225_c0_g1_i4	1	2697	1121	2306	85.5024	40.6926	37.8	255
TRINITY_DN1281_c3_g1_i2	1	3379	1037	2859	84.6108	29.7851	36.8	42
TRINITY_DN1281_c3_g1_i1	1	2990	941	2463	82.3746	30.613	36.8	42.8
TRINITY_DN1213_c0_g1_i11	1	2765	591	1688	61.0488	20.813	36.9	255
TRINITY_DN1228_c0_g1_i1	1	772	127	599	77.5907	12.5117	36.6	233
TRINITY_DN1276_c0_g1_i4	1	7406	2389	5145	69.4707	30.8689	36.8	255
TRINITY_DN1236_c0_g2_i3	1	9477	2138	7156	75.5091	21.7582	36.9	255
TRINITY_DN1296_c0_g1_i3	1	1990	419	1149	57.7387	20.4271	37.4	255
TRINITY_DN1271_c0_g1_i8	1	6034	1037	3994	66.1916	15.9236	36.8	255
TRINITY_DN1203_c0_g1_i12	1	1433	74	809	56.455	4.37962	36.9	255
TRINITY_DN1270_c0_g1_i11	1	1570	296	1019	64.9045	17.3548	36.9	252
TRINITY_DN1295_c1_g1_i3	1	2720	592	2347	86.2868	20.0787	37	249
TRINITY_DN1283_c0_g1_i3	1	1317	267	561	42.5968	19.2179	37.2	253
TRINITY_DN219_c0_g1_i1	1	4823	1819	3691	76.5291	35.9065	36.6	255
TRINITY_DN285_c0_g1_i3	1	2335	440	1079	46.2099	10.8912	36.7	206
TRINITY_DN251_c0_g1_i5	1	2748	848	1493	54.3304	29.9094	36.7	255
TRINITY_DN230_c0_g2_i1	1	955	84	413	43.2461	8.40105	37.3	255
TRINITY_DN270_c0_g1_i7	1	3527	1331	3139	88.9991	36.3346	37.2	255
TRINITY_DN236_c0_g1_i5	1	1467	273	1153	78.5958	18.0832	37.2	255
TRINITY_DN213_c13_g1_i1	1	1312	272	1131	86.2043	20.2485	37.2	255
TRINITY_DN273_c0_g1_i3	1	6563	1072	3903	59.4698	15.4326	36.5	255
TRINITY_DN243_c1_g1_i5	1	2943	470	1697	57.6622	15.4856	37.3	255
TRINITY_DN295_c0_g1_i2	1	1311	284	951	72.54	21.2403	37.5	255
TRINITY_DN260_c0_g1_i4	1	5572	2762	4913	88.173	48.2934	36.8	255
TRINITY_DN246_c0_g1_i2	1	2369	233	1042	43.9848	7.67581	36.6	0
TRINITY_DN246_c0_g1_i3	1	2384	411	1502	63.0034	15.4815	37.2	115
TRINITY_DN234_c0_g1_i11	1	2175	312	1817	83.5402	14.0115	37.4	255
TRINITY_DN234_c1_g1_i12	1	3454	208	1684	48.7551	5.8645	37.2	254
TRINITY_DN11300_c0_g1_i4	1	1270	441	1207	95.0394	33.8787	37.5	255
TRINITY_DN1669_c1_g1_i2	1	3337	724	2792	83.668	21.0947	37.1	255
TRINITY_DN1663_c0_g1_i23	1	8159	3405	5963	73.0849	40.2634	36.8	255
TRINITY_DN1684_c0_g1_i6	1	2927	858	2480	84.7284	25.9744	37.2	250
TRINITY_DN1600_c0_g1_i4	1	2411	795	1869	77.5197	19.7934	35.8	19.2
TRINITY_DN1600_c0_g1_i1	1	2071	487	1691	81.6514	21.8701	37.1	50.8
TRINITY_DN1600_c0_g1_i3	1	2392	763	1755	73.3696	20.1451	36.2	13.7
TRINITY_DN1636_c0_g1_i9	1	3181	1284	2724	85.6334	39.1377	36.8	255
TRINITY_DN1633_c4_g1_i12	1	9200	5146	6751	73.3804	53.997	36.8	255
TRINITY_DN1677_c0_g2_i1	1	3278	493	1695	51.7084	14.4567	36.5	2.59
TRINITY_DN1677_c0_g2_i6	1	3655	502	1701	46.539	13.2662	36.3	2.54
TRINITY_DN1981_c0_g1_i4	1	1221	24	225	18.4275	0.63964	36.1	0
TRINITY_DN1981_c0_g1_i5	1	1228	19	252	20.5212	0.782573	36.9	26.8
TRINITY_DN1981_c0_g1_i2	1	1158	119	534	46.114	9.06131	37.7	199
TRINITY_DN1956_c0_g1_i7	1	6397	1497	4787	74.832	21.756	36.7	38.3
TRINITY_DN1956_c0_g1_i9	1	6394	1428	4436	69.3775	20.6955	36.6	32.9
TRINITY_DN1941_c0_g1_i12	1	2567	276	2317	90.261	10.494	37.5	253
TRINITY_DN1941_c0_g1_i10	1	1134	58	588	51.8519	5.00794	37.9	242
TRINITY_DN1904_c0_g1_i2	1	3622	361	2400	66.2617	9.49061	37.1	255
TRINITY_DN1938_c0_g1_i2	1	4408	1565	3117	70.7123	34.0951	36.6	255
TRINITY_DN6416_c0_g1_i2	1	1343	662	1228	91.4371	48.6046	37.5	255
TRINITY_DN3261_c0_g1_i4	1	1987	558	1640	82.5365	21.6311	36.9	250
TRINITY_DN3273_c0_g1_i7	1	3759	1915	3061	81.4312	48.8457	36.4	255
TRINITY_DN3219_c0_g1_i1	1	1848	624	1141	61.7424	32.8463	37	255
TRINITY_DN3253_c2_g1_i1	1	1528	76	729	47.7094	4.74084	36.8	255
TRINITY_DN4225_c0_g2_i5	1	7394	7005	4703	63.6056	86.1574	36.5	248
TRINITY_DN4220_c0_g2_i5	1	1698	563	1405	82.7444	32.4022	37	255
TRINITY_DN4261_c0_g1_i2	1	1073	1158	375	34.9487	35.9786	35.7	84.1
TRINITY_DN4272_c0_g1_i3	1	1303	184	1123	86.1857	13.4121	36.6	255
TRINITY_DN4237_c0_g2_i2	1	625	490	561	89.76	35.5296	34.8	246
TRINITY_DN4206_c0_g1_i7	1	3772	147	1440	38.176	3.75133	37.6	24.3
TRINITY_DN4206_c0_g1_i10	1	3508	143	1268	36.146	3.94897	37.4	17.8
TRINITY_DN4204_c0_g1_i2	1	3671	512	2213	60.2833	13.5655	37.2	255
TRINITY_DN4246_c0_g1_i1	1	657	33	262	39.8782	4.70472	38.6	255
TRINITY_DN10843_c0_g1_i3	1	852	366	820	96.2441	41.7183	37.5	255
TRINITY_DN4303_c0_g1_i1	1	3481	1072	2506	71.9908	29.8219	37.2	255
TRINITY_DN4346_c0_g1_i3	1	1911	1114	1710	89.4819	54.1224	36.4	255
TRINITY_DN4386_c0_g1_i2	1	2479	614	2181	87.979	23.2303	37.4	255
TRINITY_DN4371_c0_g1_i6	1	3706	1241	3303	89.1257	32.1249	36.9	255
TRINITY_DN10702_c1_g1_i2	1	2218	727	1655	74.6168	20.289	36.1	243
TRINITY_DN4973_c0_g1_i10	1	4854	2374	4040	83.2303	47.3704	36.9	255
TRINITY_DN4704_c0_g1_i4	1	2631	755	2063	78.4113	27.8271	37.1	255
TRINITY_DN4731_c1_g1_i4	1	1901	322	1318	69.3319	15.5302	36.8	255
TRINITY_DN4716_c0_g1_i8	1	9089	4008	7201	79.2276	42.655	37.3	19.5
TRINITY_DN4716_c0_g1_i22	1	9178	3936	7186	78.2959	41.5144	37.3	6.28
TRINITY_DN4733_c0_g1_i5	1	1900	174	1418	74.6316	9.00579	38.1	255
TRINITY_DN4762_c0_g1_i1	1	776	72	553	71.2629	8.99613	37.7	255
TRINITY_DN7130_c0_g2_i3	1	2584	1080	1903	73.6455	20.3251	36.5	160
TRINITY_DN1138_c0_g1_i7	1	1708	491	1376	80.5621	28.2067	37.3	255
TRINITY_DN1113_c0_g1_i4	1	2698	422	1884	69.8295	15.0578	37.3	1.21
TRINITY_DN1113_c0_g1_i1	1	2596	622	1838	70.8012	23.5986	37.1	102
TRINITY_DN1114_c0_g1_i5	1	4828	1121	3232	66.9428	22.5157	36.8	8.42
TRINITY_DN1114_c0_g1_i2	1	4824	1242	3224	66.8325	24.9925	37	0.411
TRINITY_DN1100_c0_g1_i3	1	731	105	514	70.3146	8.67579	37.2	204
TRINITY_DN1170_c0_g1_i5	1	2245	319	1024	45.6125	13.706	37.3	255
TRINITY_DN1176_c0_g1_i6	1	2637	187	1304	49.4501	6.92188	37.3	55.9
TRINITY_DN1176_c0_g1_i3	1	3127	130	1362	43.5561	3.97538	37	29.4
TRINITY_DN1180_c0_g1_i3	1	1569	772	1118	71.2556	47.798	37.3	255
TRINITY_DN1164_c0_g1_i8	1	2739	753	1426	52.0628	23.8784	36.7	254
TRINITY_DN1162_c0_g1_i4	1	1951	165	1168	59.8667	8.24705	36.6	29.4
TRINITY_DN1162_c0_g1_i1	1	1884	208	1191	63.2166	10.0717	36.8	60.1
TRINITY_DN1156_c0_g1_i5	1	5766	852	3492	60.5619	13.9995	36.5	255
TRINITY_DN4430_c0_g1_i5	1	1392	29	285	20.4741	2.00862	37	87.9
TRINITY_DN4430_c0_g1_i7	1	1494	17	256	17.1352	1.11312	37.6	0
TRINITY_DN2137_c1_g2_i1	1	1123	237	936	83.3482	18.3589	36.5	255
TRINITY_DN2167_c0_g1_i2	1	772	208	656	84.9741	26.7008	37	255
TRINITY_DN2194_c0_g1_i8	1	6349	2538	4719	74.3267	38.3375	36.9	255
TRINITY_DN2171_c0_g1_i4	1	1469	427	831	56.5691	27.4643	36.8	253
TRINITY_DN2163_c0_g1_i9	1	3571	570	2595	72.6687	15.5791	36.9	255
TRINITY_DN3897_c1_g1_i1	1	2566	83	1318	51.364	3.07171	37.1	255
TRINITY_DN3808_c0_g1_i7	1	882	47	545	61.7914	5.00227	36.5	255
TRINITY_DN3811_c0_g1_i6	1	5532	3310	5347	96.6558	58.517	37.3	255
TRINITY_DN29136_c0_g1_i4	1	421	50	137	32.5416	11.6318	36.4	255
TRINITY_DN9274_c0_g1_i1	1	3095	727	2967	95.8643	18.8333	37.6	244
TRINITY_DN18965_c0_g1_i1	1	266	46	248	93.2331	17.0226	37.4	255
TRINITY_DN21427_c0_g1_i1	1	320	28	201	62.8125	8.075	36.3	255
TRINITY_DN8319_c0_g2_i6	1	4846	1055	4593	94.7792	20.344	36.8	255
TRINITY_DN8330_c0_g1_i1	1	1052	145	1032	98.0989	13.5989	37.7	255
TRINITY_DN8344_c0_g1_i5	1	8507	3318	8057	94.7102	36.9141	37.1	248
TRINITY_DN367_c0_g2_i8	1	8924	3683	7453	83.5164	38.6039	36.9	251
TRINITY_DN355_c1_g1_i11	1	3710	883	2118	57.0889	23.0267	37.1	234
TRINITY_DN349_c0_g1_i6	1	2687	239	1864	69.371	8.476	37.1	70.4
TRINITY_DN349_c0_g1_i2	1	2495	224	1786	71.5832	8.31944	37	22.8
TRINITY_DN364_c0_g1_i3	1	1585	32	399	25.1735	1.67066	36.4	255
TRINITY_DN313_c0_g1_i2	1	1196	126	1110	92.8094	10.3595	37.2	87
TRINITY_DN313_c0_g1_i3	1	1498	110	1387	92.5901	7.16956	37.4	97.4
TRINITY_DN374_c0_g1_i2	1	4183	643	2302	55.0323	14.8934	37.3	255
TRINITY_DN307_c0_g1_i4	1	2908	234	1443	49.6217	7.3621	37.1	51.2
TRINITY_DN307_c0_g1_i5	1	2782	141	1117	40.151	4.39576	36.7	19.9
TRINITY_DN382_c0_g1_i3	1	2627	155	1524	58.0129	5.47849	37.1	245
TRINITY_DN311_c0_g1_i2	1	2265	151	934	41.2362	6.51435	37.5	255
TRINITY_DN366_c0_g1_i5	1	4279	534	1862	43.5148	11.8224	37.6	253
TRINITY_DN3518_c0_g2_i6	1	2280	1494	2215	97.1491	64.1794	37.2	255
TRINITY_DN3581_c1_g1_i1	1	1239	49	659	53.1881	3.7272	36.9	255
TRINITY_DN3564_c0_g1_i10	1	3003	262	1692	56.3437	8.38428	37.2	249
TRINITY_DN3529_c0_g1_i14	1	1696	219	1295	76.3561	12.5342	37.6	254
TRINITY_DN3502_c3_g1_i3	1	4006	469	2150	53.6695	10.9443	36.3	248
TRINITY_DN3521_c0_g1_i12	1	3606	1320	2825	78.3417	35.7055	37.5	255
TRINITY_DN3579_c0_g1_i12	1	2546	373	2107	82.7573	14.2294	37.3	156
TRINITY_DN3579_c0_g1_i11	1	2877	524	2649	92.0751	17.6889	36.7	188
TRINITY_DN3648_c0_g1_i8	1	1455	752	1238	85.0859	49.6082	37.7	255
TRINITY_DN3619_c0_g1_i2	1	1282	243	741	57.8003	18.3206	37.2	255
TRINITY_DN3612_c0_g2_i9	1	2811	941	2183	77.6592	32.1949	37.1	255
TRINITY_DN3637_c0_g1_i2	1	2800	393	2783	99.3929	13.8943	37.8	255
TRINITY_DN3617_c0_g1_i3	1	2701	581	1421	52.6101	17.6483	36.9	226
TRINITY_DN2558_c0_g1_i11	1	3008	319	2507	83.3444	10.363	37.1	255
TRINITY_DN2528_c1_g1_i16	1	4085	945	3427	83.8923	21.7295	37.3	247
TRINITY_DN2564_c2_g1_i3	1	506	39	228	45.0593	3.52767	34.8	216
TRINITY_DN2577_c0_g1_i5	1	1760	305	1402	79.6591	15.9295	36.6	81.1
TRINITY_DN2577_c0_g1_i6	1	1760	199	1232	70	10.2017	36.7	0
TRINITY_DN2533_c0_g1_i1	1	1664	847	1285	77.2236	48.7031	36.6	230
TRINITY_DN2533_c0_g1_i2	1	1271	573	1077	84.7364	43.6601	36.8	209
TRINITY_DN2513_c0_g1_i2	1	6706	5448	6686	99.7018	79.5784	37.1	255
TRINITY_DN2571_c0_g1_i6	1	3138	731	2296	73.1676	19.3349	37.4	192
TRINITY_DN2580_c0_g1_i6	1	6537	3492	4660	71.2865	50.8842	36.6	253
TRINITY_DN17517_c0_g1_i2	1	940	366	702	74.6809	23.017	36.7	174
TRINITY_DN18742_c0_g1_i9	1	3109	697	1911	61.4667	21.9199	37.5	255
TRINITY_DN3066_c0_g1_i1	1	1466	186	767	52.3192	6.76194	35.4	241
TRINITY_DN3049_c0_g1_i3	1	1972	437	1839	93.2556	21.4736	37.1	255
TRINITY_DN3012_c0_g1_i5	1	1986	160	1060	53.3736	7.76939	37.4	255
TRINITY_DN3084_c0_g1_i4	1	2074	198	1192	57.4735	8.19238	36.6	29.6
TRINITY_DN3084_c0_g1_i12	1	2101	178	1205	57.3536	7.51832	36.6	10
TRINITY_DN3095_c0_g1_i8	1	4910	484	2766	56.334	9.37291	37.1	254
TRINITY_DN3007_c0_g1_i1	1	3563	1683	2882	80.8869	45.9702	36.7	255
TRINITY_DN11998_c0_g1_i5	1	2635	1206	2467	93.6243	44.9195	37.3	255
TRINITY_DN7915_c0_g1_i1	1	386	12	231	59.8446	3.06995	38.3	255
TRINITY_DN7952_c0_g1_i2	1	2858	465	1934	67.6697	15.7274	37.4	255
TRINITY_DN24837_c0_g1_i4	1	2344	1909	2254	96.1604	40.9526	36.8	105
TRINITY_DN16556_c0_g1_i2	1	269	0	0	0	0	0	0
